0 -4.4566e-04 -2.8736e-02 1.2664e-03 -2.8654e-02 6.7573e-06 6.6562e-06 3.1684e-03 -3.1739e-02 -7.7902e+01 -1.3228e+02
1 -5.4043e-03 2.6193e-02 -4.9620e-03 2.7419e-02 6.8651e-06 6.7950e-06 -6.9160e-04 1.0840e-02 -8.5822e+01 -1.3327e+02
2 4.9873e-02 3.1722e-02 5.0417e-02 2.3208e-02 4.4732e-06 4.5516e-06 9.1080e-02 9.0267e-02 -6.1455e+03 -6.3073e+03
3 1.9205e-02 2.3249e-02 2.2089e-02 2.5070e-02 6.7857e-06 6.7408e-06 -1.6727e-02 -1.3343e-02 -1.3276e+02 -1.4537e+02
4 1.3403e-02 3.3950e-02 1.5233e-02 3.5341e-02 6.6986e-06 6.5634e-06 -5.6357e-02 5.6425e-03 -1.2377e+02 -2.0474e+02
5 -2.6381e-02 2.8627e-02 -2.7580e-02 2.9324e-02 6.7416e-06 6.5962e-06 -5.8762e-02 -1.8209e-01 -1.3106e+02 -1.1999e+02
6 1.7049e-02 -1.0608e-02 1.7040e-02 -1.0951e-02 6.7059e-06 6.7097e-06 8.2152e-02 5.5648e-02 -6.7649e+01 -6.3251e+01
7 2.5829e-02 -1.8885e-02 2.6982e-02 -1.7876e-02 6.8370e-06 6.7730e-06 -4.1338e-02 1.9115e-02 -1.5263e+02 -1.2027e+02
8 4.0589e-02 -5.3348e-03 4.0485e-02 -4.5703e-03 6.6770e-06 6.7597e-06 6.0569e-02 1.1570e-01 -1.6967e+02 -8.0293e+01
9 -2.1726e-02 1.8317e-02 -2.2236e-02 1.9717e-02 6.6459e-06 6.7312e-06 7.4931e-02 6.6932e-02 -9.9727e+01 -8.6072e+01
10 -3.2951e-02 -2.4699e-02 -3.2852e-02 -2.4595e-02 6.5705e-06 6.7722e-06 2.1286e-02 1.0999e-02 -1.5818e+02 -1.1035e+02
11 -1.7089e-02 9.2219e-03 -1.5137e-02 1.0076e-02 6.6267e-06 6.7961e-06 2.3195e-02 -4.6209e-03 -1.5369e+02 -1.2412e+02
12 3.6746e-02 -2.9741e-02 3.9125e-02 -2.8937e-02 6.4722e-06 6.6303e-06 -2.2583e-02 -1.9097e-02 -2.3481e+02 -1.8710e+02
13 -2.7185e-02 3.7617e-02 -2.6206e-02 3.6992e-02 6.6967e-06 6.8323e-06 4.5381e-02 3.0522e-02 -1.2249e+02 -1.6927e+02
14 2.9452e-02 1.3067e-02 3.1084e-02 1.4574e-02 6.6669e-06 6.8551e-06 -2.1098e-03 -1.8720e-02 -1.6548e+02 -1.2783e+02
15 -1.5345e-02 3.0411e-02 -1.5253e-02 3.0319e-02 6.6848e-06 6.7607e-06 -1.2148e-03 6.6511e-02 -8.0596e+01 -1.2752e+02
16 2.7742e-02 -1.3485e-02 3.0328e-02 -1.0196e-02 6.6989e-06 6.7061e-06 1.3930e-02 -1.8502e-02 -1.7256e+02 -1.6217e+02
17 8.6957e-03 -1.7112e-04 3.2865e-03 -7.0055e-03 6.0145e-06 5.8158e-06 1.5610e-02 4.9715e-02 -1.6758e+03 -1.9222e+03
18 -5.5466e-03 1.0994e-02 -4.6109e-03 1.2733e-02 6.8113e-06 6.7787e-06 1.3448e-02 -1.5199e-02 -8.7289e+01 -1.0758e+02
19 4.6815e-03 4.9724e-02 5.3272e-03 4.8300e-02 6.7501e-06 6.7044e-06 2.1605e-02 -3.3435e-02 -9.4235e+01 -2.7009e+02
20 -8.6453e-03 3.7595e-02 -7.0518e-03 3.9645e-02 6.7735e-06 6.7139e-06 1.7992e-03 -1.9421e-02 -1.0603e+02 -2.1260e+02
21 -2.2938e-02 -4.8469e-03 -2.1880e-02 -4.6791e-03 6.8070e-06 6.8273e-06 3.2665e-02 4.9897e-02 -1.2808e+02 -6.8154e+01
22 -1.5881e-02 2.4736e-02 -1.5370e-02 2.5128e-02 6.7866e-06 6.7559e-06 -2.4730e-02 -1.0598e-02 -7.5878e+01 -1.0211e+02
23 -8.7408e-03 2.3836e-02 -1.0999e-02 2.2687e-02 6.5208e-06 6.7149e-06 -1.4016e-01 2.5566e-02 -2.9216e+02 -2.4332e+02
24 6.6015e-03 2.1464e-02 7.3629e-03 2.3036e-02 6.8820e-06 6.9387e-06 1.7198e-02 2.9366e-02 -7.3249e+01 -1.2877e+02
25 9.5204e-03 -3.2366e-02 1.0561e-02 -2.9150e-02 6.8504e-06 6.7003e-06 9.0973e-02 -3.2964e-02 -1.0878e+02 -1.9325e+02
26 -3.3882e-02 1.0026e-02 -3.4759e-02 8.8813e-03 6.5878e-06 6.7815e-06 3.5588e-02 7.9117e-02 -2.7431e+02 -1.8187e+02
27 1.9663e-02 8.1095e-03 2.0592e-02 8.1902e-03 6.7981e-06 6.7811e-06 -4.5702e-02 -1.3389e-02 -1.1018e+02 -8.0082e+01
28 4.6164e-03 3.0675e-02 6.0688e-03 3.1464e-02 6.7504e-06 6.7045e-06 5.2504e-03 4.3538e-02 -1.0348e+02 -1.6079e+02
29 4.2928e-02 2.6194e-02 4.3095e-02 2.5056e-02 5.6556e-06 5.1753e-06 -3.4055e-02 -1.7215e-01 -1.7789e+03 -3.2434e+03
30 -6.3157e-03 -4.4146e-02 -4.7672e-03 -4.3527e-02 6.8720e-06 6.5052e-06 -2.1536e-02 3.1508e-02 -9.1928e+01 -2.1456e+02
31 2.9646e-02 -4.1471e-02 3.1715e-02 -3.8999e-02 6.7427e-06 6.6425e-06 -1.9810e-02 2.4250e-02 -1.6667e+02 -2.5234e+02
32 -4.4006e-02 5.2956e-03 -4.1824e-02 6.5870e-03 6.6520e-06 6.8328e-06 7.9113e-03 -2.0752e-02 -2.3709e+02 -1.0994e+02
33 1.6855e-02 5.3660e-03 1.5837e-02 4.8506e-03 6.8326e-06 6.8735e-06 -1.1384e-02 -1.9161e-02 -8.0419e+01 -5.8195e+01
34 6.1324e-03 2.6065e-02 5.8923e-03 2.6775e-02 6.7224e-06 6.5986e-06 -6.9155e-02 6.4378e-02 -7.8853e+01 -1.8098e+02
35 -4.3871e-02 3.6798e-03 -4.2726e-02 3.9402e-03 6.6088e-06 6.7505e-06 1.3095e-02 -6.0816e-02 -2.3231e+02 -4.6974e+01
36 -2.8287e-02 1.1693e-02 -2.6645e-02 1.2422e-02 6.7353e-06 6.9578e-06 -3.6186e-02 2.2535e-02 -1.4683e+02 -7.6356e+01
37 -3.0020e-02 1.0379e-02 -2.9756e-02 9.3974e-03 6.7051e-06 6.8196e-06 7.3610e-02 1.0717e-01 -2.3626e+02 -1.4440e+02
38 2.1462e-02 1.5765e-02 2.1409e-02 1.4984e-02 6.8382e-06 6.8680e-06 -1.0084e-01 -1.2917e-01 -1.0486e+02 -8.7585e+01
39 1.2703e-02 1.1975e-03 1.2604e-02 1.5988e-03 6.8737e-06 6.8550e-06 1.3639e-02 6.6192e-02 -8.5912e+01 -6.7008e+01
40 -1.0706e-02 -4.5039e-02 -9.7694e-03 -4.3480e-02 6.7964e-06 6.6214e-06 1.7192e-02 -1.7774e-02 -9.1207e+01 -2.1972e+02
41 1.0955e-02 6.7035e-03 1.3430e-02 7.7587e-03 6.8145e-06 6.9563e-06 -1.5618e-03 -1.1618e-02 -1.0995e+02 -9.2310e+01
42 4.1837e-02 1.2526e-02 4.3488e-02 1.4046e-02 6.7829e-06 6.9027e-06 -1.6386e-02 1.1935e-02 -2.1357e+02 -1.1439e+02
43 9.0854e-03 -2.6885e-02 9.6171e-03 -2.6408e-02 6.8620e-06 6.7328e-06 5.7624e-02 8.0704e-03 -8.5906e+01 -1.5606e+02
44 2.1557e-02 -1.7626e-02 2.0671e-02 -1.7751e-02 6.5016e-06 6.7187e-06 1.2522e-01 -3.3766e-02 -1.9526e+02 -6.9739e+01
45 3.5117e-03 -8.9291e-03 3.8195e-03 -8.4349e-03 6.7675e-06 6.9132e-06 -4.2176e-03 1.3127e-02 -5.6027e+01 -8.1305e+01
46 3.3730e-02 1.2914e-02 3.2830e-02 1.1836e-02 6.3425e-06 6.6722e-06 1.3394e-01 -4.3033e-02 -5.5759e+02 -2.5795e+02
47 -2.1366e-02 -2.0068e-03 -2.0166e-02 -1.4245e-03 6.6750e-06 6.7820e-06 -3.5228e-02 -6.0371e-02 -1.1373e+02 -1.0222e+02
48 3.0645e-02 3.8668e-02 3.1960e-02 3.8429e-02 6.6167e-06 6.8329e-06 -1.8638e-02 -2.7031e-02 -1.7909e+02 -2.0903e+02
49 3.4657e-02 2.8909e-02 3.6045e-02 2.9942e-02 6.7535e-06 6.6647e-06 1.9685e-02 2.9709e-02 -2.0152e+02 -1.9259e+02
50 7.6941e-03 5.0686e-02 9.2151e-03 5.2239e-02 6.7980e-06 6.5005e-06 -2.1737e-02 -8.4867e-03 -8.0795e+01 -2.5488e+02
51 -2.4761e-02 4.6956e-02 -2.1770e-02 4.7666e-02 6.6808e-06 6.6486e-06 2.6452e-02 -7.7568e-03 -1.5153e+02 -2.6615e+02
52 -4.7041e-02 1.8877e-02 -4.1236e-02 2.0176e-02 6.4421e-06 6.6665e-06 -1.3948e-02 -4.4401e-03 -3.1683e+02 -2.0461e+02
53 -3.0757e-02 -3.4738e-02 -2.8809e-02 -3.1010e-02 6.7524e-06 6.7821e-06 -1.6988e-02 -1.4045e-02 -1.9465e+02 -2.2724e+02
54 9.0376e-03 -4.4408e-02 1.1985e-02 -4.3897e-02 6.8653e-06 6.5091e-06 -1.4879e-02 1.5961e-02 -1.1687e+02 -2.4618e+02
55 -4.2535e-02 2.0911e-02 -3.7032e-02 2.3147e-02 6.5498e-06 6.8228e-06 -1.3094e-02 3.3690e-02 -2.7224e+02 -1.5743e+02
56 3.0534e-02 -6.8263e-03 3.1199e-02 -6.3473e-03 6.6815e-06 6.8614e-06 1.3452e-04 6.3413e-02 -1.4294e+02 -9.2912e+01
57 -2.6359e-02 3.3807e-02 -2.5927e-02 3.4132e-02 6.6085e-06 6.7213e-06 1.7934e-03 -4.6580e-02 -1.5049e+02 -1.8571e+02
58 1.2092e-02 -4.3596e-03 1.2880e-02 -3.9006e-03 6.6361e-06 6.8702e-06 3.1970e-02 -1.7611e-02 -8.4905e+01 -9.2577e+01
59 -7.0380e-03 3.0943e-02 -4.4461e-03 3.1730e-02 6.7296e-06 6.7701e-06 -2.2694e-02 1.5114e-02 -1.2976e+02 -1.7482e+02
60 8.8999e-03 1.3846e-02 8.8373e-03 1.3592e-02 6.8001e-06 6.8682e-06 -1.4829e-02 -1.2466e-02 -5.9575e+01 -6.8440e+01
61 1.6944e-02 1.8958e-02 1.8174e-02 2.0135e-02 6.7056e-06 6.7514e-06 -1.5065e-02 9.6894e-03 -1.2369e+02 -1.3076e+02
62 -2.8019e-02 2.4994e-02 -2.8019e-02 2.4739e-02 6.6849e-06 6.8818e-06 5.2803e-02 -4.9187e-02 -1.4551e+02 -9.3691e+01
63 1.4460e-02 4.8273e-02 1.5107e-02 4.7790e-02 6.7768e-06 6.6776e-06 1.4540e-02 2.6852e-02 -6.4705e+01 -2.2356e+02
64 2.7960e-02 4.2239e-02 2.9702e-02 4.2522e-02 6.6311e-06 6.8378e-06 5.5116e-04 1.2608e-02 -1.5315e+02 -2.2139e+02
65 1.8313e-02 -3.6880e-02 2.0727e-02 -3.5603e-02 6.7505e-06 6.6689e-06 1.5387e-02 -1.4220e-02 -1.3564e+02 -2.1634e+02
66 3.1511e-02 -2.2263e-02 3.1014e-02 -2.5428e-02 6.7127e-06 6.4199e-06 -1.5973e-02 9.2947e-02 -1.5013e+02 -3.3119e+02
67 -2.2177e-02 1.9245e-02 -1.9277e-02 2.0256e-02 6.7674e-06 6.8953e-06 2.9042e-03 2.0797e-02 -1.5233e+02 -1.4299e+02
68 -3.2981e-03 -2.5254e-02 -2.3686e-03 -2.4021e-02 6.8612e-06 6.7902e-06 -7.2633e-02 -1.1297e-02 -8.1299e+01 -1.4198e+02
69 -2.9450e-02 4.1859e-02 -2.6927e-02 4.2148e-02 6.7071e-06 6.6809e-06 -2.6182e-02 2.1025e-02 -1.6298e+02 -2.0777e+02
70 -3.7692e-02 2.3848e-02 -3.5721e-02 2.4652e-02 6.6566e-06 6.7704e-06 1.9228e-02 3.4621e-02 -1.8557e+02 -9.3145e+01
71 1.9261e-02 -2.5779e-02 2.0421e-02 -2.5410e-02 6.8586e-06 6.7330e-06 -8.8994e-03 1.9703e-02 -1.1665e+02 -1.4774e+02
72 2.3558e-02 -2.4628e-02 2.2976e-02 -2.7604e-02 6.3041e-06 6.3381e-06 -7.5302e-02 5.0795e-02 -4.8272e+02 -5.7618e+02
73 -3.9188e-02 2.1151e-02 -3.6593e-02 2.1901e-02 6.6879e-06 6.8277e-06 -2.1776e-02 -4.0669e-02 -2.0230e+02 -1.1260e+02
74 1.2870e-02 -4.2957e-03 1.2962e-02 -4.2184e-03 6.8500e-06 6.7686e-06 -1.2437e-02 -7.1013e-03 -7.5555e+01 -7.8721e+01
75 3.8591e-02 3.4455e-02 4.0301e-02 3.6054e-02 6.6106e-06 6.6233e-06 1.1894e-02 -1.9844e-02 -2.0626e+02 -1.9287e+02
76 -6.8623e-03 -3.9269e-02 -5.4394e-03 -3.8709e-02 6.6728e-06 6.5835e-06 1.7747e-02 -5.4835e-03 -1.2670e+02 -2.3392e+02
77 -3.2542e-02 -6.8534e-03 -3.1413e-02 -6.3513e-03 6.5635e-06 6.7220e-06 2.0638e-02 -1.2321e-02 -1.5292e+02 -1.1282e+02
78 1.3911e-02 3.3684e-02 1.5708e-02 3.3804e-02 6.8808e-06 6.8902e-06 1.9740e-02 6.9473e-03 -1.1093e+02 -1.6474e+02
79 1.1164e-02 1.5826e-02 1.2060e-02 1.6373e-02 6.8181e-06 6.8941e-06 1.8361e-02 -2.5590e-02 -7.1980e+01 -1.0220e+02
80 -1.8196e-02 2.8727e-02 -1.5703e-02 2.8874e-02 6.7122e-06 6.7640e-06 -4.1787e-02 -1.5727e-02 -1.5035e+02 -1.8736e+02
81 2.7181e-02 -6.0193e-03 2.6871e-02 -7.9493e-03 6.7950e-06 6.5636e-06 -6.7405e-02 1.6809e-01 -1.1012e+02 -2.4870e+02
82 1.3801e-02 -2.5661e-02 1.4374e-02 -2.4984e-02 6.8285e-06 6.7859e-06 -4.3773e-02 2.6223e-02 -5.4829e+01 -9.9074e+01
83 -1.5739e-02 -2.0441e-02 -1.5898e-02 -2.0067e-02 6.6787e-06 6.7693e-06 8.8702e-02 -2.5615e-02 -7.5680e+01 -8.7548e+01
84 -2.8498e-02 -4.3805e-03 -2.6199e-02 -3.4895e-03 6.6575e-06 6.8339e-06 1.2773e-02 2.0943e-02 -1.7588e+02 -1.1001e+02
85 1.7317e-02 3.0119e-02 1.8597e-02 3.1390e-02 6.7455e-06 6.7818e-06 -1.0185e-02 3.6674e-02 -1.1553e+02 -1.5836e+02
86 3.9025e-02 -1.6340e-02 3.9199e-02 -1.5533e-02 6.7670e-06 6.8294e-06 -4.7493e-02 -6.0065e-02 -1.6075e+02 -9.0998e+01
87 2.7097e-02 4.4788e-02 2.9419e-02 4.4885e-02 6.6362e-06 6.7309e-06 1.5558e-02 -2.7060e-02 -1.8398e+02 -2.7658e+02
88 2.2321e-02 4.5974e-02 1.9530e-02 4.6500e-02 6.0904e-06 5.6454e-06 1.6555e-02 -9.7329e-02 -1.4889e+03 -2.1349e+03
89 3.2040e-02 -2.2610e-02 3.2229e-02 -2.2972e-02 6.6509e-06 6.6331e-06 -1.3101e-02 -3.3388e-02 -1.3236e+02 -1.2049e+02
90 4.4869e-03 4.1162e-02 4.8288e-03 4.1406e-02 6.7234e-06 6.6489e-06 6.8268e-03 -5.9317e-02 -6.3054e+01 -1.8330e+02
91 -9.1184e-03 1.0916e-02 -9.8391e-03 9.9056e-03 6.7251e-06 6.8606e-06 1.0357e-01 -3.0602e-02 -2.0211e+02 -1.4080e+02
92 -4.1506e-02 2.9675e-02 -3.8404e-02 3.2202e-02 6.5509e-06 6.6254e-06 -9.3427e-03 2.8335e-05 -2.5084e+02 -1.8595e+02
93 1.7641e-02 4.7137e-02 1.7100e-02 4.6721e-02 6.7709e-06 6.5342e-06 6.6450e-02 1.3529e-01 -8.2542e+01 -2.4756e+02
94 -2.0013e-02 1.9777e-02 -1.9197e-02 2.0902e-02 6.7002e-06 6.6660e-06 1.3402e-02 -7.7390e-02 -1.0560e+02 -1.4004e+02
95 3.1240e-02 -2.9069e-02 3.1232e-02 -3.0528e-02 6.7407e-06 6.5592e-06 -1.4205e-01 1.2096e-01 -1.1268e+02 -2.1847e+02
96 -3.9210e-02 -3.1848e-02 -3.7621e-02 -3.0541e-02 6.4920e-06 6.6249e-06 -2.6773e-02 7.5369e-04 -2.2439e+02 -1.9429e+02
97 -3.2106e-02 2.5488e-02 -3.1689e-02 2.5778e-02 6.6465e-06 6.8392e-06 7.8675e-02 -2.8748e-02 -1.7611e+02 -9.9954e+01
98 -1.0817e-02 4.5142e-02 -9.5534e-03 4.5405e-02 6.7617e-06 6.6851e-06 1.1070e-02 -1.3180e-02 -9.4755e+01 -2.1961e+02
99 3.2285e-02 -2.0319e-02 3.7675e-02 -1.7355e-02 6.6984e-06 6.7821e-06 9.9618e-03 -1.4561e-02 -2.1285e+02 -1.7644e+02
100 7.6017e-03 8.1130e-03 8.4163e-03 8.7693e-03 6.7857e-06 6.8206e-06 -4.5889e-02 2.2988e-02 -7.7218e+01 -9.1510e+01
101 1.9731e-02 -1.5123e-02 1.9573e-02 -1.4876e-02 6.8220e-06 6.7910e-06 1.0108e-01 8.7217e-03 -1.3217e+02 -9.3512e+01
102 1.7086e-02 -1.7588e-02 1.8445e-02 -1.5610e-02 6.7916e-06 6.7946e-06 -1.8767e-02 -1.6954e-02 -1.4881e+02 -1.5851e+02
103 -2.4296e-02 3.3069e-02 -2.0906e-02 3.3341e-02 6.6744e-06 6.8054e-06 -2.5485e-02 -8.9644e-03 -1.5270e+02 -1.8202e+02
104 2.7537e-02 -2.5342e-02 2.8645e-02 -2.3064e-02 6.8073e-06 6.8255e-06 -2.5933e-02 2.9407e-02 -1.3215e+02 -1.5610e+02
105 3.9401e-02 -5.6320e-03 3.9217e-02 -5.1330e-03 6.7247e-06 6.7599e-06 8.9543e-03 -1.6469e-02 -1.7399e+02 -4.9375e+01
106 -2.1848e-02 4.1145e-02 -1.8822e-02 4.2195e-02 6.6386e-06 6.6898e-06 -3.7073e-02 4.5450e-02 -1.6080e+02 -2.0878e+02
107 3.0009e-02 -3.7229e-02 3.1051e-02 -3.5465e-02 6.7445e-06 6.6792e-06 3.5000e-03 4.4483e-02 -1.3322e+02 -2.0334e+02
108 2.6391e-02 2.6969e-02 2.7874e-02 2.8848e-02 6.6945e-06 6.8420e-06 2.4214e-02 -1.2437e-02 -1.6300e+02 -1.9769e+02
109 -2.4726e-02 -1.7289e-02 -2.4074e-02 -1.7145e-02 6.6169e-06 6.7446e-06 -1.6230e-02 4.5375e-02 -1.3321e+02 -1.0686e+02
110 -1.8107e-02 5.7758e-03 -1.4982e-02 7.7452e-03 6.8407e-06 6.8758e-06 7.3803e-03 1.1676e-03 -1.3135e+02 -1.0850e+02
111 1.0409e-02 3.6488e-02 1.1000e-02 3.6959e-02 6.7735e-06 6.7303e-06 -7.8912e-03 -5.1026e-03 -8.2981e+01 -1.9553e+02
112 -1.5008e-02 4.4022e-02 -1.5201e-02 4.2888e-02 6.8008e-06 6.7807e-06 1.0035e-02 -5.4923e-02 -1.0858e+02 -1.9623e+02
113 -1.6195e-02 -5.3248e-03 -1.7959e-02 -6.1248e-03 6.6522e-06 6.7525e-06 5.4881e-02 -1.4522e-01 -2.0155e+02 -1.0071e+02
114 8.7332e-03 4.7465e-02 1.0604e-02 4.7871e-02 6.7403e-06 6.7349e-06 -7.2320e-03 -1.3008e-02 -1.0458e+02 -2.5479e+02
115 2.0538e-02 7.3829e-03 2.1430e-02 7.7428e-03 6.7426e-06 6.8613e-06 -3.4815e-02 2.0569e-02 -1.2878e+02 -9.5277e+01
116 3.6658e-02 -2.0670e-02 3.8654e-02 -1.9564e-02 6.6664e-06 6.6604e-06 -1.6965e-02 -2.7341e-02 -2.2618e+02 -1.7300e+02
117 -2.0671e-02 -3.8282e-03 -2.0436e-02 -3.4830e-03 6.6959e-06 6.7111e-06 5.0371e-02 1.6702e-02 -9.9760e+01 -6.1892e+01
118 -2.6479e-02 2.7344e-02 -2.4987e-02 2.9054e-02 6.7557e-06 6.7938e-06 4.3353e-02 -2.4055e-02 -1.2039e+02 -1.3603e+02
119 -2.1327e-02 1.3667e-02 -1.9167e-02 1.5338e-02 6.6315e-06 6.6855e-06 1.1385e-02 2.4481e-02 -1.7244e+02 -1.6436e+02
120 3.3394e-02 -3.6328e-02 3.4521e-02 -3.5949e-02 6.7136e-06 6.5514e-06 -1.6114e-02 -2.1272e-02 -1.5530e+02 -1.9670e+02
121 -2.6771e-02 3.7835e-02 -2.5176e-02 3.7468e-02 6.7348e-06 6.8399e-06 2.1675e-03 4.7168e-02 -1.2468e+02 -1.7974e+02
122 -9.4001e-03 -2.2786e-02 -6.1846e-03 -2.1255e-02 6.7778e-06 6.7215e-06 -8.1651e-03 -1.6575e-03 -1.1980e+02 -1.5529e+02
123 -1.7529e-02 -4.2129e-02 -1.6934e-02 -3.9601e-02 6.7161e-06 6.6089e-06 -2.5608e-02 5.4558e-03 -1.1303e+02 -2.3913e+02
124 3.7498e-02 4.6702e-04 3.9232e-02 1.3828e-03 6.7149e-06 6.8347e-06 1.2970e-02 -2.4615e-02 -2.1164e+02 -1.1036e+02
125 -1.8580e-02 -1.7729e-02 -1.8410e-02 -1.6802e-02 6.7567e-06 6.8500e-06 4.2604e-02 -1.4666e-02 -8.0314e+01 -9.6331e+01
126 -1.2879e-02 3.0168e-02 -1.2002e-02 3.0923e-02 6.6730e-06 6.6736e-06 5.2098e-02 -4.9975e-02 -1.0972e+02 -1.8569e+02
127 2.8912e-02 2.4790e-04 2.8037e-02 -1.3480e-04 6.7808e-06 6.8145e-06 -4.0411e-02 -9.9009e-02 -1.0958e+02 -5.1669e+01
128 4.5143e-03 5.1855e-02 6.0423e-03 5.2506e-02 6.6158e-06 6.6158e-06 -2.3931e-02 -1.0640e-02 -1.3765e+02 -3.2268e+02
129 2.6987e-02 3.8662e-02 2.7413e-02 3.8657e-02 6.7087e-06 6.7217e-06 -4.0377e-02 -5.6210e-03 -1.3760e+02 -1.9288e+02
130 -5.6722e-03 -3.4637e-02 -3.9107e-03 -3.2994e-02 6.8288e-06 6.6323e-06 2.0852e-02 2.5779e-02 -8.9542e+01 -1.9782e+02
131 7.7980e-03 2.1639e-02 1.0342e-02 2.2861e-02 6.7398e-06 6.7128e-06 -4.4740e-02 -8.8248e-03 -1.2429e+02 -1.6756e+02
132 -4.2255e-02 3.0210e-02 -4.1519e-02 3.0110e-02 6.5674e-06 6.8609e-06 -4.2823e-03 -9.8682e-02 -2.0815e+02 -1.2284e+02
133 1.0191e-02 2.7287e-02 1.1578e-02 2.7754e-02 6.6890e-06 6.7110e-06 1.1213e-02 8.5953e-03 -1.1714e+02 -1.8597e+02
134 -3.1461e-02 1.7296e-02 -3.0017e-02 1.7985e-02 6.7620e-06 6.8424e-06 -6.6195e-02 -2.6329e-02 -1.5229e+02 -8.5828e+01
135 2.9586e-02 -6.8200e-03 3.0649e-02 -4.9456e-03 6.7496e-06 6.9292e-06 -1.6147e-02 7.1077e-03 -1.5130e+02 -1.0774e+02
136 -1.5752e-02 -4.5484e-02 -1.5596e-02 -4.3597e-02 6.7281e-06 6.5730e-06 -3.7374e-03 2.5324e-02 -1.0365e+02 -2.5404e+02
137 3.9668e-03 -1.7396e-02 2.2593e-03 -2.0114e-02 6.5885e-06 6.4235e-06 -1.8872e-02 -1.1846e-01 -2.8334e+02 -4.7290e+02
138 -4.1138e-02 1.9710e-02 -3.9635e-02 2.1681e-02 6.5951e-06 6.8893e-06 -1.3238e-02 -1.4572e-02 -2.1789e+02 -1.3922e+02
139 6.8414e-03 -3.5185e-02 7.4994e-03 -3.3473e-02 6.7945e-06 6.7787e-06 -1.4975e-02 -1.0311e-02 -5.2350e+01 -1.6383e+02
140 -4.0640e-02 5.6035e-04 -3.8357e-02 1.1231e-03 6.6043e-06 6.7547e-06 4.5846e-03 -2.0202e-02 -2.1028e+02 -8.3388e+01
141 1.4640e-02 5.1778e-04 1.6441e-02 1.2154e-03 6.8341e-06 6.9810e-06 -1.6061e-02 -4.8418e-03 -1.1400e+02 -9.9965e+01
142 1.7296e-02 -3.6332e-02 1.8911e-02 -3.1794e-02 6.7048e-06 6.6274e-06 -2.2598e-02 -1.4271e-02 -1.4378e+02 -2.5082e+02
143 5.5657e-03 -4.0945e-02 7.1836e-03 -3.8618e-02 6.7327e-06 6.6056e-06 2.1072e-02 -3.2036e-03 -1.2171e+02 -2.5794e+02
144 -4.0405e-02 -2.0236e-02 -3.8606e-02 -1.9526e-02 6.5648e-06 6.7348e-06 -3.8719e-02 -1.1271e-02 -2.2428e+02 -1.1309e+02
145 9.8718e-04 -3.2726e-02 1.9821e-03 -3.2011e-02 6.8512e-06 6.5354e-06 -2.2263e-02 1.7022e-02 -8.5821e+01 -1.7924e+02
146 -3.1498e-02 -3.5507e-02 -2.9177e-02 -3.2497e-02 6.7039e-06 6.8262e-06 1.2180e-02 9.9568e-03 -1.6699e+02 -1.9649e+02
147 -2.4251e-02 -2.0034e-02 -2.4488e-02 -1.8798e-02 6.5888e-06 6.8470e-06 4.5036e-02 -1.0602e-02 -9.9350e+01 -1.0623e+02
148 3.0323e-02 3.5600e-02 3.1129e-02 3.5836e-02 6.7398e-06 6.7433e-06 1.2817e-02 5.4500e-03 -1.4102e+02 -1.8499e+02
149 4.7326e-02 1.1467e-02 4.5854e-02 1.0592e-02 6.6673e-06 6.5846e-06 1.4763e-02 1.2683e-01 -2.5064e+02 -1.2760e+02
150 2.8303e-02 3.1340e-02 2.8203e-02 3.1387e-02 6.8950e-06 6.7804e-06 4.6281e-03 3.5052e-02 -1.2274e+02 -1.3856e+02
151 -3.5627e-02 -2.4013e-04 -3.5236e-02 -1.7175e-04 6.6013e-06 6.9122e-06 -4.2327e-02 1.0878e-02 -1.5640e+02 -5.7958e+01
152 2.1427e-02 -4.4677e-02 2.3384e-02 -4.2905e-02 6.6568e-06 6.6442e-06 1.8542e-03 -1.8535e-02 -1.7384e+02 -2.8371e+02
153 -6.5485e-03 3.2930e-02 -3.8034e-03 3.3678e-02 7.0079e-06 6.8773e-06 -1.5166e-02 5.2590e-03 -1.1461e+02 -1.5706e+02
154 -2.2146e-02 1.8054e-02 -1.9651e-02 1.9503e-02 6.6443e-06 6.8352e-06 -1.5160e-02 6.0192e-03 -1.4841e+02 -1.2926e+02
155 3.6068e-02 4.8513e-02 3.1895e-02 5.1340e-02 5.4492e-06 4.8005e-06 -3.1896e-02 1.4513e-01 -3.1260e+03 -5.4439e+03
156 2.8330e-03 -4.0835e-02 5.4289e-03 -3.6730e-02 6.7970e-06 6.6619e-06 6.1646e-03 -6.3537e-03 -1.2601e+02 -2.7318e+02
157 -9.8549e-03 -2.2748e-02 -9.4229e-03 -2.3241e-02 6.7050e-06 6.7239e-06 -6.6140e-02 -6.2904e-02 -5.9755e+01 -9.6195e+01
158 2.7368e-02 1.8795e-02 2.7778e-02 1.9888e-02 6.7319e-06 6.7143e-06 -6.3677e-02 1.3010e-02 -1.2623e+02 -1.0847e+02
159 -4.9011e-02 4.3106e-03 -4.8677e-02 4.0836e-03 6.4692e-06 6.7527e-06 1.2459e-02 3.7246e-02 -2.8122e+02 -7.6793e+01
160 -2.9689e-03 3.9165e-02 -4.7303e-03 4.0007e-02 6.4523e-06 6.3023e-06 -1.7953e-01 -1.3787e-01 -3.2474e+02 -3.4622e+02
161 -3.5034e-02 -1.9575e-02 -3.5181e-02 -1.9773e-02 6.5877e-06 6.7355e-06 -1.0000e+01 -1.0000e+01 -1.9435e+02 -9.8683e+01
162 2.9415e-03 2.2583e-02 4.8480e-03 2.3218e-02 6.8859e-06 6.8148e-06 -9.9504e-03 -3.8590e-02 -1.0090e+02 -1.3518e+02
163 2.9397e-02 6.1809e-03 2.9595e-02 5.8466e-03 6.6375e-06 6.6185e-06 -1.2942e-03 3.5760e-02 -1.5153e+02 -9.8853e+01
164 9.9730e-03 -7.6301e-03 9.9006e-03 -7.3320e-03 6.7457e-06 6.8500e-06 -1.0456e-01 -4.7830e-02 -4.7876e+01 -7.4444e+01
165 9.8397e-03 2.5841e-02 1.0925e-02 2.9235e-02 6.7038e-06 6.7430e-06 -7.4614e-03 -4.1496e-03 -1.2623e+02 -1.8644e+02
166 -5.1311e-03 1.1925e-02 -1.2245e-02 9.5289e-03 6.0982e-06 6.0852e-06 5.1223e-02 2.0566e-02 -1.4719e+03 -1.2853e+03
167 2.8089e-02 1.6686e-02 2.7849e-02 1.6770e-02 6.7933e-06 6.7880e-06 -4.6305e-02 3.2019e-02 -1.1671e+02 -7.6100e+01
168 2.4401e-02 1.0505e-02 2.4541e-02 1.0770e-02 6.7235e-06 6.8426e-06 6.4834e-03 -9.6941e-02 -7.7724e+01 -5.3825e+01
169 -2.5841e-02 2.5405e-02 -2.1760e-02 2.5899e-02 6.7431e-06 6.8546e-06 -1.6602e-03 2.6723e-02 -1.6687e+02 -1.5262e+02
170 2.6567e-03 -5.1511e-02 3.9672e-03 -5.0410e-02 6.7829e-06 6.4036e-06 2.7702e-02 1.4403e-03 -8.1149e+01 -2.9057e+02
171 -2.3621e-02 -2.8147e-02 -2.3298e-02 -2.7559e-02 6.7801e-06 6.7170e-06 8.5231e-03 -3.7199e-02 -8.2274e+01 -1.0782e+02
172 1.8920e-02 -3.1856e-02 1.9441e-02 -3.1046e-02 6.8494e-06 6.7286e-06 2.3672e-03 -2.0681e-03 -8.7679e+01 -1.6381e+02
173 -3.7225e-02 -1.6597e-04 -3.6357e-02 -3.9515e-04 6.6128e-06 6.6604e-06 -3.9011e-02 1.3071e-01 -1.7829e+02 -1.3194e+02
174 3.6267e-02 5.1118e-03 3.7029e-02 6.7691e-03 6.7978e-06 6.8754e-06 1.5109e-04 -1.2779e-02 -1.9066e+02 -1.2279e+02
175 -2.1973e-02 -7.3563e-03 -2.4046e-02 -9.9707e-03 6.4638e-06 6.3985e-06 1.1744e-02 -1.0691e-01 -3.2927e+02 -2.8425e+02
176 3.9994e-02 2.5151e-02 3.9386e-02 2.4561e-02 6.8135e-06 6.8800e-06 -1.2811e-02 3.5523e-03 -1.8451e+02 -1.3173e+02
177 -2.8391e-02 -9.3012e-03 -2.5152e-02 -7.6594e-03 6.6585e-06 6.7816e-06 -8.5341e-03 -1.6601e-02 -1.7592e+02 -1.2128e+02
178 1.4418e-02 -2.4678e-02 1.5853e-02 -2.3439e-02 6.7590e-06 6.7164e-06 -1.7569e-02 -4.4063e-03 -1.4655e+02 -1.6813e+02
179 1.7076e-02 5.3633e-03 1.6499e-02 4.6572e-03 6.5759e-06 6.8450e-06 -8.2637e-02 -1.2284e-01 -1.1197e+02 -1.0243e+02
180 4.6425e-03 2.8858e-02 5.1883e-03 2.9856e-02 6.8639e-06 6.8245e-06 -4.0272e-02 -1.5992e-02 -7.8559e+01 -1.4218e+02
181 -2.6582e-02 -1.3875e-02 -2.5249e-02 -1.3198e-02 6.6953e-06 6.7416e-06 3.4553e-03 -1.7828e-02 -1.4285e+02 -1.3368e+02
182 1.3562e-03 -9.8342e-03 1.7767e-03 -9.2586e-03 6.7786e-06 6.7201e-06 4.4422e-02 -2.5274e-04 -6.0126e+01 -6.8879e+01
183 -8.5432e-03 4.8972e-02 -4.4266e-03 4.9993e-02 6.8122e-06 6.6590e-06 1.4949e-02 -1.2598e-02 -1.2403e+02 -2.6136e+02
184 2.2232e-02 7.9133e-03 2.1932e-02 7.8825e-03 6.9320e-06 6.9058e-06 2.0148e-02 4.1025e-03 -9.6621e+01 -5.6449e+01
185 -3.9888e-02 2.6216e-02 -3.7478e-02 2.6113e-02 6.6277e-06 6.8347e-06 -1.0000e+01 -1.0000e+01 -2.1183e+02 -1.3902e+02
186 -3.9221e-03 -3.7838e-02 -3.5060e-03 -3.7718e-02 6.8733e-06 6.5735e-06 2.3090e-02 -1.0512e-01 -5.6910e+01 -1.6177e+02
187 -2.3103e-02 1.4933e-03 -2.0647e-02 2.9337e-03 6.7641e-06 6.7673e-06 -1.7838e-02 8.4580e-05 -1.3631e+02 -1.0925e+02
188 -3.9560e-02 1.4105e-02 -3.9462e-02 1.3787e-02 6.5240e-06 6.7806e-06 9.9844e-03 4.7698e-02 -2.1990e+02 -8.3949e+01
189 2.3265e-02 6.9896e-03 2.3679e-02 8.7136e-03 6.6748e-06 6.6754e-06 2.0625e-02 6.7908e-03 -1.5384e+02 -1.4925e+02
190 -3.9236e-03 -5.0843e-02 -2.7664e-03 -4.8939e-02 6.7148e-06 6.5038e-06 -1.2250e-02 -1.4634e-03 -9.1763e+01 -2.9019e+02
191 1.4797e-02 1.6663e-02 1.0477e-02 1.2504e-02 5.8396e-06 5.8824e-06 6.8536e-03 3.1325e-02 -1.7518e+03 -1.7803e+03
192 -8.6559e-03 3.6771e-02 -8.1442e-03 3.6811e-02 6.8020e-06 6.6918e-06 -9.1204e-02 2.1972e-03 -7.3063e+01 -1.7185e+02
193 -3.5384e-02 3.3301e-03 -3.6927e-02 3.2257e-03 6.3059e-06 6.7231e-06 -1.2296e-01 -4.5145e-02 -2.9554e+02 -1.1683e+02
194 -1.7054e-02 -2.4853e-02 -1.7304e-02 -2.5650e-02 6.7322e-06 6.5652e-06 3.3940e-02 6.8858e-02 -7.9198e+01 -1.3614e+02
195 2.6515e-02 -1.2830e-02 2.8191e-02 -1.1099e-02 6.8109e-06 6.7675e-06 1.8813e-02 -9.5638e-03 -1.4378e+02 -1.4898e+02
196 2.6994e-02 -3.1244e-02 2.7448e-02 -2.9843e-02 6.7272e-06 6.7413e-06 6.4716e-02 -5.0687e-03 -1.0327e+02 -1.5610e+02
197 9.5849e-03 1.7390e-02 1.0599e-02 1.8395e-02 6.7401e-06 6.9218e-06 -2.0077e-02 -2.6872e-02 -9.0276e+01 -1.1964e+02
198 1.1650e-02 6.6541e-03 1.4232e-02 7.5554e-03 6.7103e-06 6.8273e-06 5.2433e-02 -1.1217e-02 -1.0593e+02 -9.4283e+01
199 -1.0132e-02 3.9616e-02 -9.0799e-03 3.9914e-02 6.8950e-06 6.7410e-06 -2.7876e-03 -2.5888e-02 -6.4822e+01 -1.6482e+02
