0 -1.7117e-04 -4.2610e-02 -1.6789e-04 -4.2611e-02 6.7348e-06 6.6427e-06 -1.0944e-02 -1.2573e-02
1 2.1036e-02 -2.3148e-02 2.1035e-02 -2.3149e-02 6.7348e-06 6.6427e-06 7.8691e-04 2.3315e-02
2 -1.2386e-02 6.8297e-03 -1.2383e-02 6.8256e-03 6.7348e-06 6.6427e-06 1.8622e-02 2.0073e-02
3 3.3909e-02 3.5052e-02 3.3903e-02 3.5059e-02 6.7348e-06 6.6427e-06 2.2252e-03 -1.1790e-02
4 4.5610e-03 -2.5589e-02 4.5447e-03 -2.5578e-02 6.7348e-06 6.6427e-06 1.0338e-02 -1.8452e-03
5 3.3898e-02 2.9181e-02 3.3893e-02 2.9178e-02 6.7348e-06 6.6427e-06 -1.8339e-02 -1.6101e-02
6 -1.2408e-02 2.0370e-02 -1.2408e-02 2.0392e-02 6.7348e-06 6.6427e-06 -2.3915e-02 -1.3906e-02
7 -3.8142e-02 -2.6850e-02 -3.8144e-02 -2.6856e-02 6.7348e-06 6.6427e-06 -9.5295e-03 -1.2057e-03
8 -2.1264e-02 -2.0924e-02 -2.1251e-02 -2.0922e-02 6.7348e-06 6.6427e-06 1.0620e-02 2.8785e-03
9 -3.3458e-02 -1.2255e-02 -3.3462e-02 -1.2261e-02 6.7348e-06 6.6427e-06 -1.8369e-02 -1.2891e-02
10 1.3974e-02 -5.7429e-03 1.3975e-02 -5.7416e-03 6.7348e-06 6.6427e-06 -9.0297e-03 -4.9009e-03
11 2.8503e-02 3.2045e-02 2.8501e-02 3.2064e-02 6.7348e-06 6.6427e-06 -9.1090e-03 -8.4869e-03
12 -1.6707e-02 -2.2989e-02 -1.6715e-02 -2.2982e-02 6.7348e-06 6.6427e-06 3.0234e-03 -2.0111e-02
13 2.6943e-02 -3.3386e-02 2.6944e-02 -3.3389e-02 6.7348e-06 6.6427e-06 5.2607e-03 -1.4064e-02
14 2.4745e-02 6.5551e-03 2.4751e-02 6.5549e-03 6.7348e-06 6.6427e-06 -3.2397e-03 8.7593e-03
15 8.1711e-03 -2.6658e-02 8.1617e-03 -2.6671e-02 6.7348e-06 6.6427e-06 4.5788e-03 -8.5944e-03
16 1.3915e-03 2.3226e-02 1.3995e-03 2.3224e-02 6.7348e-06 6.6427e-06 1.9578e-02 1.0150e-02
17 4.9641e-02 1.5051e-02 4.9636e-02 1.5051e-02 6.7348e-06 6.6427e-06 -1.0434e-02 1.1421e-02
18 -2.3330e-02 2.5458e-02 -2.3338e-02 2.5462e-02 6.7348e-06 6.6427e-06 -1.0792e-02 1.7210e-02
19 9.0192e-03 4.6099e-02 9.0123e-03 4.6109e-02 6.7348e-06 6.6427e-06 1.2846e-02 -2.2439e-02
20 -9.3713e-03 -2.1682e-02 -9.3763e-03 -2.1694e-02 6.7348e-06 6.6427e-06 -7.5812e-03 -5.1485e-03
21 -8.2106e-03 -2.8609e-02 -8.2107e-03 -2.8614e-02 6.7348e-06 6.6427e-06 6.5663e-03 -8.3786e-03
22 -1.3872e-02 4.6775e-02 -1.3866e-02 4.6792e-02 6.7348e-06 6.6427e-06 2.5500e-02 -4.6142e-03
23 2.0441e-02 -4.4087e-02 2.0464e-02 -4.4095e-02 6.7348e-06 6.6427e-06 2.5448e-02 -8.9432e-03
24 -9.0662e-03 3.8816e-02 -9.0708e-03 3.8818e-02 6.7348e-06 6.6427e-06 3.6830e-03 1.5354e-02
25 4.8930e-02 -1.4029e-02 4.8944e-02 -1.4027e-02 6.7348e-06 6.6427e-06 5.8390e-03 -1.5277e-02
26 -3.1812e-02 4.1140e-02 -3.1816e-02 4.1152e-02 6.7348e-06 6.6427e-06 1.4749e-02 2.0732e-03
27 -1.1077e-02 1.6269e-02 -1.1071e-02 1.6261e-02 6.7348e-06 6.6427e-06 -3.7179e-03 -2.6129e-02
28 1.1246e-02 4.4020e-02 1.1240e-02 4.4013e-02 6.7348e-06 6.6427e-06 -2.3650e-02 8.1338e-04
29 3.2809e-02 -2.5569e-02 3.2795e-02 -2.5556e-02 6.7348e-06 6.6427e-06 5.4773e-03 -1.2377e-02
30 -2.9802e-02 -3.2844e-02 -2.9815e-02 -3.2840e-02 6.7348e-06 6.6427e-06 -2.0996e-02 1.0026e-02
31 -2.6114e-02 -4.3124e-02 -2.6113e-02 -4.3140e-02 6.7348e-06 6.6427e-06 2.4178e-02 -4.8234e-03
32 1.4502e-02 4.3477e-02 1.4507e-02 4.3463e-02 6.7348e-06 6.6427e-06 -1.8596e-02 -2.7530e-03
33 -8.7984e-03 -1.9004e-02 -8.7983e-03 -1.8997e-02 6.7348e-06 6.6427e-06 -1.0156e-03 2.6551e-02
34 2.3058e-02 -1.0899e-02 2.3052e-02 -1.0905e-02 6.7348e-06 6.6427e-06 2.0435e-02 -1.7288e-02
35 2.3902e-02 -8.5239e-03 2.3884e-02 -8.5186e-03 6.7348e-06 6.6427e-06 -2.6016e-03 1.5457e-02
36 3.0315e-02 -4.2088e-02 3.0317e-02 -4.2091e-02 6.7348e-06 6.6427e-06 -1.2034e-02 1.2110e-02
37 -2.3122e-02 -6.8642e-03 -2.3123e-02 -6.8611e-03 6.7348e-06 6.6427e-06 -2.6886e-02 8.4401e-03
38 5.3967e-03 4.7074e-02 5.4028e-03 4.7069e-02 6.7348e-06 6.6427e-06 -1.9203e-02 -2.4843e-03
39 2.5351e-02 7.1674e-03 2.5331e-02 7.1623e-03 6.7348e-06 6.6427e-06 2.3115e-04 -1.6604e-02
40 -4.8530e-03 -2.8425e-02 -4.8583e-03 -2.8440e-02 6.7348e-06 6.6427e-06 -1.7699e-02 1.8009e-02
41 -2.6198e-03 -4.7428e-02 -2.6250e-03 -4.7436e-02 6.7348e-06 6.6427e-06 1.9515e-02 -4.3680e-05
42 2.4624e-02 -3.5712e-02 2.4628e-02 -3.5716e-02 6.7348e-06 6.6427e-06 -1.2336e-02 -1.3686e-02
43 3.6578e-03 -4.5993e-02 3.6595e-03 -4.6009e-02 6.7348e-06 6.6427e-06 -1.0000e+01 -1.0000e+01
44 -2.5323e-02 -2.4368e-02 -2.5328e-02 -2.4384e-02 6.7348e-06 6.6427e-06 -6.2164e-03 1.1472e-02
45 1.7107e-02 2.2871e-02 1.7099e-02 2.2868e-02 6.7348e-06 6.6427e-06 -8.3111e-03 1.4437e-02
46 -1.8688e-02 -1.8817e-02 -1.8678e-02 -1.8802e-02 6.7348e-06 6.6427e-06 1.4095e-02 1.3423e-02
47 -1.3964e-02 2.0767e-02 -1.3970e-02 2.0775e-02 6.7348e-06 6.6427e-06 -1.5542e-02 9.9272e-03
48 -3.1675e-02 3.8871e-02 -3.1670e-02 3.8881e-02 6.7348e-06 6.6427e-06 -7.4210e-03 -2.0498e-02
49 -7.8022e-03 -3.2753e-02 -7.8046e-03 -3.2761e-02 6.7348e-06 6.6427e-06 7.5314e-03 -7.2585e-03
50 -3.4887e-02 -9.9644e-03 -3.4878e-02 -9.9628e-03 6.7348e-06 6.6427e-06 1.4829e-02 -1.6973e-02
51 -2.2238e-02 -2.1089e-02 -2.2244e-02 -2.1090e-02 6.7348e-06 6.6427e-06 1.9043e-02 1.7287e-02
52 -2.1691e-02 -2.7358e-02 -2.1686e-02 -2.7344e-02 6.7348e-06 6.6427e-06 -9.5135e-03 9.0945e-03
53 8.1193e-03 2.6483e-02 8.1229e-03 2.6480e-02 6.7348e-06 6.6427e-06 1.9447e-02 1.9404e-02
54 2.9108e-02 8.2728e-03 2.9103e-02 8.2810e-03 6.7348e-06 6.6427e-06 1.0240e-02 2.9713e-03
55 1.1144e-02 -3.8281e-03 1.1144e-02 -3.8373e-03 6.7348e-06 6.6427e-06 5.5215e-03 -1.7139e-02
56 3.2903e-02 -3.2775e-02 3.2902e-02 -3.2779e-02 6.7348e-06 6.6427e-06 -2.4596e-02 -8.4029e-03
57 5.0137e-02 8.4724e-03 5.0129e-02 8.4678e-03 6.7348e-06 6.6427e-06 3.1599e-03 1.1870e-02
58 -5.5864e-03 1.5900e-02 -5.5977e-03 1.5912e-02 6.7348e-06 6.6427e-06 9.1132e-03 -1.2013e-02
59 -1.0663e-02 1.5902e-02 -1.0654e-02 1.5907e-02 6.7348e-06 6.6427e-06 3.8399e-03 -1.3123e-02
60 4.2587e-02 1.2724e-02 4.2602e-02 1.2720e-02 6.7348e-06 6.6427e-06 2.2379e-02 -1.2644e-02
61 8.1784e-03 3.4608e-02 8.1639e-03 3.4611e-02 6.7348e-06 6.6427e-06 -1.9701e-02 1.0802e-02
62 -3.4025e-02 -1.5850e-02 -3.4029e-02 -1.5848e-02 6.7348e-06 6.6427e-06 -2.1309e-02 1.0614e-02
63 5.5974e-03 2.1879e-02 5.5943e-03 2.1883e-02 6.7348e-06 6.6427e-06 1.3890e-02 3.2848e-03
64 5.8000e-03 -3.0732e-02 5.8028e-03 -3.0737e-02 6.7348e-06 6.6427e-06 2.5202e-02 3.3255e-03
65 8.4622e-03 4.2464e-02 8.4403e-03 4.2471e-02 6.7348e-06 6.6427e-06 8.6740e-03 1.2074e-02
66 -3.5746e-02 -1.3874e-02 -3.5740e-02 -1.3870e-02 6.7348e-06 6.6427e-06 -7.9342e-03 -2.4653e-02
67 1.4730e-02 3.7882e-02 1.4733e-02 3.7877e-02 6.7348e-06 6.6427e-06 -9.8739e-03 6.2662e-03
68 -4.5004e-02 -1.5408e-02 -4.5001e-02 -1.5411e-02 6.7348e-06 6.6427e-06 -1.2371e-02 -2.3561e-03
69 -2.6006e-02 1.3433e-02 -2.5986e-02 1.3434e-02 6.7348e-06 6.6427e-06 1.7835e-02 -1.4944e-02
70 3.9248e-02 -2.7068e-02 3.9246e-02 -2.7055e-02 6.7348e-06 6.6427e-06 -9.6300e-03 -1.9361e-02
71 -2.8490e-02 3.6055e-02 -2.8489e-02 3.6064e-02 6.7348e-06 6.6427e-06 2.3233e-02 -8.7146e-03
72 4.1026e-04 -3.0079e-02 3.9406e-04 -3.0087e-02 6.7348e-06 6.6427e-06 -1.5796e-04 -1.3121e-02
73 -2.0622e-02 2.0412e-02 -2.0624e-02 2.0426e-02 6.7348e-06 6.6427e-06 1.8765e-02 -1.8701e-02
74 4.0355e-02 -7.9818e-03 4.0342e-02 -7.9771e-03 6.7348e-06 6.6427e-06 1.0383e-02 -5.1292e-03
75 4.3250e-02 -8.2894e-03 4.3255e-02 -8.2761e-03 6.7348e-06 6.6427e-06 4.4992e-03 -2.4991e-02
76 2.4169e-02 -3.5322e-02 2.4177e-02 -3.5316e-02 6.7348e-06 6.6427e-06 -3.5323e-03 1.2573e-02
77 -2.2545e-02 1.0606e-02 -2.2544e-02 1.0599e-02 6.7348e-06 6.6427e-06 1.1461e-02 2.6955e-03
78 1.3385e-02 -1.7566e-02 1.3381e-02 -1.7568e-02 6.7348e-06 6.6427e-06 1.4031e-02 -1.7923e-02
79 2.9136e-02 2.3875e-02 2.9143e-02 2.3874e-02 6.7348e-06 6.6427e-06 -2.2878e-02 -7.6709e-03
80 3.9937e-02 -9.2021e-03 3.9931e-02 -9.2069e-03 6.7348e-06 6.6427e-06 -6.9547e-03 7.5943e-03
81 -2.7774e-02 2.5496e-02 -2.7781e-02 2.5504e-02 6.7348e-06 6.6427e-06 -1.4574e-02 -4.0412e-03
82 -3.3513e-02 2.5335e-02 -3.3499e-02 2.5346e-02 6.7348e-06 6.6427e-06 5.7364e-03 -2.1263e-02
83 -1.0770e-02 -3.1888e-02 -1.0756e-02 -3.1897e-02 6.7348e-06 6.6427e-06 1.0543e-02 -2.4239e-02
84 -1.4667e-02 1.8331e-02 -1.4665e-02 1.8338e-02 6.7348e-06 6.6427e-06 -1.9348e-02 1.8105e-03
85 3.8837e-02 2.4655e-02 3.8843e-02 2.4643e-02 6.7348e-06 6.6427e-06 5.4705e-03 -1.2819e-02
86 4.9712e-02 5.4680e-03 4.9701e-02 5.4732e-03 6.7348e-06 6.6427e-06 -8.8093e-03 -5.1724e-03
87 -1.4985e-02 -5.8467e-03 -1.4982e-02 -5.8398e-03 6.7348e-06 6.6427e-06 -2.4790e-02 -5.1777e-03
88 -2.4507e-02 -3.3139e-02 -2.4508e-02 -3.3146e-02 6.7348e-06 6.6427e-06 3.8869e-03 2.2359e-02
89 -2.6064e-02 -3.7700e-02 -2.6052e-02 -3.7702e-02 6.7348e-06 6.6427e-06 -1.1241e-02 2.7159e-03
90 -3.6374e-02 -1.1933e-02 -3.6377e-02 -1.1938e-02 6.7348e-06 6.6427e-06 -2.3351e-02 9.8316e-03
91 2.7570e-02 -2.9257e-02 2.7569e-02 -2.9269e-02 6.7348e-06 6.6427e-06 1.3990e-02 5.8701e-03
92 -2.5083e-02 -3.6028e-02 -2.5084e-02 -3.6025e-02 6.7348e-06 6.6427e-06 1.7224e-02 -7.1877e-03
93 -1.8871e-02 -2.8445e-02 -1.8872e-02 -2.8459e-02 6.7348e-06 6.6427e-06 1.2027e-02 2.1002e-02
94 2.1971e-02 -9.1847e-03 2.1978e-02 -9.1781e-03 6.7348e-06 6.6427e-06 -1.1785e-02 -1.6694e-02
95 6.5780e-03 -1.6683e-02 6.5823e-03 -1.6687e-02 6.7348e-06 6.6427e-06 -1.3669e-02 1.5507e-02
96 3.9022e-02 -2.8146e-02 3.9035e-02 -2.8137e-02 6.7348e-06 6.6427e-06 -1.4199e-02 2.7345e-04
97 4.3077e-02 -1.5421e-02 4.3074e-02 -1.5430e-02 6.7348e-06 6.6427e-06 1.5295e-02 1.0713e-02
98 -4.3454e-02 -2.4306e-02 -4.3452e-02 -2.4303e-02 6.7348e-06 6.6427e-06 -7.5630e-03 1.2881e-02
99 3.5276e-02 -1.3756e-02 3.5286e-02 -1.3759e-02 6.7348e-06 6.6427e-06 -1.6096e-02 1.9651e-02
100 8.5900e-03 1.8405e-02 8.5924e-03 1.8414e-02 6.7348e-06 6.6427e-06 1.3159e-02 -1.4428e-02
101 -3.9722e-02 2.9724e-02 -3.9719e-02 2.9720e-02 6.7348e-06 6.6427e-06 1.7952e-02 1.4466e-02
102 -3.3586e-02 -2.0956e-02 -3.3596e-02 -2.0958e-02 6.7348e-06 6.6427e-06 -1.2210e-02 -4.2132e-03
103 -4.2518e-02 -1.2013e-02 -4.2512e-02 -1.2003e-02 6.7348e-06 6.6427e-06 1.9139e-02 2.2700e-03
104 4.0207e-02 6.2032e-03 4.0211e-02 6.1973e-03 6.7348e-06 6.6427e-06 8.9700e-03 -8.0337e-03
105 -1.5407e-02 2.8535e-02 -1.5415e-02 2.8535e-02 6.7348e-06 6.6427e-06 -6.4487e-03 1.4458e-02
106 3.0716e-02 1.0222e-02 3.0715e-02 1.0224e-02 6.7348e-06 6.6427e-06 -1.6720e-02 -2.8916e-03
107 4.3575e-02 -5.8413e-03 4.3582e-02 -5.8439e-03 6.7348e-06 6.6427e-06 1.8454e-02 1.5603e-02
108 4.2629e-02 7.8801e-03 4.2639e-02 7.8765e-03 6.7348e-06 6.6427e-06 -9.0942e-03 -1.7804e-04
109 -4.3443e-02 -1.6605e-02 -4.3456e-02 -1.6606e-02 6.7348e-06 6.6427e-06 -2.5375e-02 -8.3848e-03
110 8.4417e-03 -2.4291e-02 8.4496e-03 -2.4290e-02 6.7348e-06 6.6427e-06 -2.1215e-02 -7.4818e-04
111 3.0421e-02 -1.6286e-02 3.0415e-02 -1.6296e-02 6.7348e-06 6.6427e-06 -1.1901e-02 8.7944e-03
112 -4.7017e-02 1.4118e-02 -4.7010e-02 1.4115e-02 6.7348e-06 6.6427e-06 1.1128e-02 1.2056e-02
113 1.2962e-02 2.9285e-02 1.2964e-02 2.9276e-02 6.7348e-06 6.6427e-06 -1.3279e-02 -4.4177e-03
114 -1.6748e-02 -2.2302e-02 -1.6747e-02 -2.2311e-02 6.7348e-06 6.6427e-06 -5.5128e-03 1.1660e-02
115 -1.7106e-02 -4.6797e-02 -1.7098e-02 -4.6798e-02 6.7348e-06 6.6427e-06 8.8985e-04 2.4833e-02
116 2.2303e-02 -3.4033e-02 2.2320e-02 -3.4033e-02 6.7348e-06 6.6427e-06 -1.2846e-02 -1.1812e-02
117 1.5644e-02 3.9657e-03 1.5654e-02 3.9685e-03 6.7348e-06 6.6427e-06 -1.2781e-02 -1.7565e-03
118 -2.9865e-02 -1.7106e-02 -2.9873e-02 -1.7125e-02 6.7348e-06 6.6427e-06 -6.8648e-03 -7.4121e-03
119 3.4727e-02 1.8535e-02 3.4721e-02 1.8532e-02 6.7348e-06 6.6427e-06 -2.6051e-02 -2.8923e-03
120 3.5564e-02 -1.2578e-02 3.5575e-02 -1.2582e-02 6.7348e-06 6.6427e-06 -9.7254e-03 5.4626e-03
121 -1.3677e-02 3.4926e-02 -1.3667e-02 3.4925e-02 6.7348e-06 6.6427e-06 -2.8273e-02 -1.7821e-03
122 2.3078e-02 -3.5330e-02 2.3074e-02 -3.5337e-02 6.7348e-06 6.6427e-06 -2.2431e-03 -1.5990e-02
123 -2.3582e-02 1.3397e-03 -2.3583e-02 1.3440e-03 6.7348e-06 6.6427e-06 4.7919e-03 1.7727e-02
124 -6.2067e-03 1.3014e-02 -6.2049e-03 1.3020e-02 6.7348e-06 6.6427e-06 1.2497e-02 -1.4570e-02
125 1.9120e-02 1.4589e-03 1.9129e-02 1.4657e-03 6.7348e-06 6.6427e-06 1.4857e-02 -7.5339e-03
126 -1.7794e-02 1.7728e-02 -1.7783e-02 1.7743e-02 6.7348e-06 6.6427e-06 9.7170e-03 -1.6456e-03
127 6.7469e-03 4.0292e-02 6.7601e-03 4.0293e-02 6.7348e-06 6.6427e-06 1.4723e-02 1.0992e-02
128 1.5702e-02 -2.2345e-02 1.5704e-02 -2.2369e-02 6.7348e-06 6.6427e-06 -1.1526e-02 2.2579e-02
129 -1.0191e-02 -2.3969e-02 -1.0190e-02 -2.3978e-02 6.7348e-06 6.6427e-06 1.7654e-02 -3.6577e-03
130 -7.6581e-03 -2.4434e-02 -7.6476e-03 -2.4433e-02 6.7348e-06 6.6427e-06 1.6631e-02 1.5259e-02
131 -2.3828e-02 4.4177e-02 -2.3834e-02 4.4183e-02 6.7348e-06 6.6427e-06 -3.0428e-03 -2.5842e-02
132 -5.3638e-03 4.1005e-02 -5.3700e-03 4.1004e-02 6.7348e-06 6.6427e-06 1.0127e-02 -6.4420e-03
133 -3.2355e-02 -1.2644e-02 -3.2373e-02 -1.2658e-02 6.7348e-06 6.6427e-06 -1.5410e-03 1.0873e-02
134 -9.0618e-03 -2.3781e-02 -9.0558e-03 -2.3763e-02 6.7348e-06 6.6427e-06 3.4900e-03 1.5863e-02
135 1.4348e-02 -3.3505e-02 1.4341e-02 -3.3502e-02 6.7348e-06 6.6427e-06 -1.4960e-02 -1.3075e-02
136 -8.9721e-03 2.8947e-02 -8.9733e-03 2.8935e-02 6.7348e-06 6.6427e-06 -1.0644e-03 -2.3872e-02
137 -2.7742e-02 -2.8315e-02 -2.7727e-02 -2.8310e-02 6.7348e-06 6.6427e-06 1.6670e-02 7.3578e-03
138 -3.3370e-02 -1.4260e-03 -3.3366e-02 -1.4134e-03 6.7348e-06 6.6427e-06 1.2460e-02 7.7778e-03
139 3.4151e-02 2.6548e-03 3.4158e-02 2.6651e-03 6.7348e-06 6.6427e-06 1.4459e-02 -1.7179e-02
140 8.2761e-03 -4.0347e-02 8.2659e-03 -4.0347e-02 6.7348e-06 6.6427e-06 -1.3976e-02 6.9863e-03
141 -3.1223e-02 -1.8506e-02 -3.1217e-02 -1.8492e-02 6.7348e-06 6.6427e-06 9.5574e-03 -1.9311e-02
142 3.0510e-02 -3.5346e-03 3.0512e-02 -3.5287e-03 6.7348e-06 6.6427e-06 -1.1920e-02 -2.0660e-02
143 -2.3076e-02 -3.6935e-02 -2.3072e-02 -3.6939e-02 6.7348e-06 6.6427e-06 -9.0569e-03 -2.3383e-02
144 -4.5733e-02 -3.1163e-03 -4.5728e-02 -3.1186e-03 6.7348e-06 6.6427e-06 -1.1071e-02 7.4103e-03
145 -1.3957e-02 -3.1825e-02 -1.3951e-02 -3.1828e-02 6.7348e-06 6.6427e-06 -2.3736e-02 -1.2234e-02
146 -1.6883e-02 -3.0958e-02 -1.6869e-02 -3.0953e-02 6.7348e-06 6.6427e-06 -9.6051e-03 1.1767e-02
147 4.7117e-02 -4.2937e-04 4.7119e-02 -4.2192e-04 6.7348e-06 6.6427e-06 -1.1751e-02 1.7860e-02
148 1.6663e-02 1.4701e-02 1.6696e-02 1.4696e-02 6.7348e-06 6.6427e-06 1.9461e-02 8.8628e-03
149 -3.8943e-02 2.2475e-02 -3.8940e-02 2.2473e-02 6.7348e-06 6.6427e-06 -1.1543e-02 -1.8921e-02
150 3.5766e-03 -3.3840e-02 3.5877e-03 -3.3857e-02 6.7348e-06 6.6427e-06 -2.3232e-03 1.9059e-02
151 -3.8505e-02 1.5346e-02 -3.8501e-02 1.5345e-02 6.7348e-06 6.6427e-06 -1.2337e-02 -2.0783e-02
152 -1.5369e-02 -4.4038e-02 -1.5360e-02 -4.4027e-02 6.7348e-06 6.6427e-06 9.1263e-03 4.0932e-03
153 1.1322e-03 -1.0290e-02 1.1424e-03 -1.0293e-02 6.7348e-06 6.6427e-06 1.1310e-02 -1.1309e-02
154 3.2193e-02 1.4088e-02 3.2193e-02 1.4086e-02 6.7348e-06 6.6427e-06 1.2906e-02 -9.7830e-03
155 2.9100e-02 -2.0917e-02 2.9099e-02 -2.0918e-02 6.7348e-06 6.6427e-06 1.1117e-02 6.9232e-03
156 2.3093e-02 2.9863e-02 2.3107e-02 2.9869e-02 6.7348e-06 6.6427e-06 1.9606e-02 1.0223e-02
157 -2.9343e-02 -1.7781e-02 -2.9338e-02 -1.7787e-02 6.7348e-06 6.6427e-06 -1.2006e-02 -1.6988e-02
158 2.9587e-03 -2.6037e-02 2.9627e-03 -2.6041e-02 6.7348e-06 6.6427e-06 6.5821e-03 -1.4663e-02
159 2.7942e-02 -1.5372e-02 2.7940e-02 -1.5369e-02 6.7348e-06 6.6427e-06 -1.3062e-02 -2.9460e-04
160 1.4779e-02 2.2680e-02 1.4771e-02 2.2682e-02 6.7348e-06 6.6427e-06 -1.3215e-02 -2.0668e-02
161 1.2339e-02 1.6931e-02 1.2345e-02 1.6939e-02 6.7348e-06 6.6427e-06 7.9021e-03 -7.0095e-03
162 -3.6302e-02 1.9603e-02 -3.6319e-02 1.9610e-02 6.7348e-06 6.6427e-06 2.3190e-03 1.1047e-02
163 -1.7158e-02 -2.3248e-02 -1.7168e-02 -2.3247e-02 6.7348e-06 6.6427e-06 -1.1133e-02 -2.2084e-02
164 6.9134e-03 2.7853e-02 6.9091e-03 2.7860e-02 6.7348e-06 6.6427e-06 8.4665e-03 -2.1139e-02
165 2.1505e-02 6.2625e-03 2.1497e-02 6.2703e-03 6.7348e-06 6.6427e-06 -1.8938e-03 -1.4385e-02
166 2.6628e-02 3.4065e-02 2.6615e-02 3.4065e-02 6.7348e-06 6.6427e-06 1.3858e-02 -1.6518e-03
167 -4.6862e-03 1.0863e-02 -4.6796e-03 1.0857e-02 6.7348e-06 6.6427e-06 -2.0831e-02 3.8432e-03
168 -2.3267e-02 -1.1610e-02 -2.3266e-02 -1.1606e-02 6.7348e-06 6.6427e-06 1.1856e-02 -5.4852e-03
169 1.3211e-02 -1.8798e-02 1.3215e-02 -1.8799e-02 6.7348e-06 6.6427e-06 -2.8015e-02 -1.4489e-03
170 -2.2880e-02 1.7900e-02 -2.2884e-02 1.7896e-02 6.7348e-06 6.6427e-06 -7.1501e-03 1.0059e-02
171 -3.1492e-02 -2.0993e-02 -3.1488e-02 -2.0990e-02 6.7348e-06 6.6427e-06 -1.0169e-02 5.6899e-03
172 -3.2195e-03 4.2668e-02 -3.2216e-03 4.2678e-02 6.7348e-06 6.6427e-06 1.0114e-02 -1.7201e-02
173 1.3186e-02 -1.0892e-02 1.3183e-02 -1.0898e-02 6.7348e-06 6.6427e-06 1.6352e-02 2.0095e-02
174 3.9990e-04 2.6902e-02 4.1194e-04 2.6898e-02 6.7348e-06 6.6427e-06 -2.7034e-03 9.7005e-03
175 -2.1268e-02 2.4516e-02 -2.1258e-02 2.4503e-02 6.7348e-06 6.6427e-06 -8.8696e-03 -7.4495e-03
176 -1.0641e-02 -1.7587e-02 -1.0653e-02 -1.7573e-02 6.7348e-06 6.6427e-06 -8.1266e-03 -6.5705e-03
177 -8.0369e-03 -2.9762e-02 -8.0117e-03 -2.9771e-02 6.7348e-06 6.6427e-06 -8.7084e-03 -2.2991e-03
178 2.1427e-02 -1.5860e-02 2.1424e-02 -1.5859e-02 6.7348e-06 6.6427e-06 -1.4421e-02 2.3976e-03
179 -2.6333e-02 -6.4800e-04 -2.6348e-02 -6.5571e-04 6.7348e-06 6.6427e-06 3.9546e-03 -1.7280e-02
180 -2.4192e-02 2.9662e-02 -2.4198e-02 2.9674e-02 6.7348e-06 6.6427e-06 -1.4839e-03 -1.5211e-02
181 5.0529e-02 2.6382e-03 5.0529e-02 2.6363e-03 6.7348e-06 6.6427e-06 -2.7596e-03 1.8415e-02
182 6.2149e-03 3.8239e-02 6.2272e-03 3.8253e-02 6.7348e-06 6.6427e-06 -8.1833e-03 -1.8128e-02
183 2.4313e-02 -1.7362e-02 2.4306e-02 -1.7359e-02 6.7348e-06 6.6427e-06 -1.1545e-02 1.4939e-02
184 1.2486e-03 -2.2356e-02 1.2594e-03 -2.2358e-02 6.7348e-06 6.6427e-06 2.3529e-04 9.7983e-03
185 2.4076e-02 9.6299e-03 2.4075e-02 9.6200e-03 6.7348e-06 6.6427e-06 1.4434e-02 -7.7977e-03
186 1.1359e-02 -2.0066e-02 1.1365e-02 -2.0070e-02 6.7348e-06 6.6427e-06 -2.3346e-02 9.1762e-03
187 -3.6857e-02 -2.3951e-02 -3.6852e-02 -2.3957e-02 6.7348e-06 6.6427e-06 1.0670e-02 6.1814e-03
188 2.7461e-02 3.3761e-02 2.7455e-02 3.3768e-02 6.7348e-06 6.6427e-06 -9.0029e-03 -2.0390e-02
189 -3.4598e-02 6.1007e-03 -3.4611e-02 6.1007e-03 6.7348e-06 6.6427e-06 -1.6222e-03 -2.6526e-02
190 -1.0326e-02 -2.9641e-02 -1.0333e-02 -2.9639e-02 6.7348e-06 6.6427e-06 -1.7286e-02 -1.5487e-03
191 1.3724e-02 1.2206e-02 1.3720e-02 1.2230e-02 6.7348e-06 6.6427e-06 1.2764e-02 1.1515e-02
192 4.5290e-02 -1.9871e-02 4.5279e-02 -1.9893e-02 6.7348e-06 6.6427e-06 -6.1286e-03 1.3401e-02
193 1.4900e-02 -1.4012e-02 1.4904e-02 -1.4014e-02 6.7348e-06 6.6427e-06 8.4193e-04 2.3368e-02
194 -3.9075e-02 1.1129e-03 -3.9077e-02 1.1191e-03 6.7348e-06 6.6427e-06 -1.1499e-02 1.1689e-02
195 -3.9315e-02 -1.7549e-02 -3.9321e-02 -1.7549e-02 6.7348e-06 6.6427e-06 -2.0374e-02 -1.2819e-02
196 2.6014e-02 -1.1169e-03 2.6011e-02 -1.1229e-03 6.7348e-06 6.6427e-06 -3.7096e-03 1.6179e-02
197 -3.4238e-02 -2.0269e-03 -3.4241e-02 -2.0315e-03 6.7348e-06 6.6427e-06 -1.5171e-02 8.5464e-03
198 -4.1422e-02 -1.2496e-02 -4.1419e-02 -1.2499e-02 6.7348e-06 6.6427e-06 1.9784e-02 1.2121e-02
199 4.2616e-02 -3.4806e-03 4.2612e-02 -3.4738e-03 6.7348e-06 6.6427e-06 -1.0695e-02 1.4672e-02
