0 1.5536e-02 3.7149e-03
1 6.7010e-03 3.0355e-02
2 1.4875e-02 -2.2337e-02
3 1.8789e-02 2.3380e-02
4 -7.3873e-03 4.1833e-02
5 -2.7848e-02 -2.1088e-02
6 7.1072e-03 -1.6580e-02
7 3.5491e-02 1.8300e-02
8 4.4461e-02 -9.9730e-03
9 -1.0132e-02 -4.4198e-02
10 3.6491e-02 2.9103e-02
11 -1.5004e-02 3.4957e-02
12 -1.5742e-02 -2.5515e-02
13 3.0345e-02 -2.9772e-02
14 1.0818e-02 -6.2846e-03
15 1.0253e-02 4.1695e-02
16 -4.0212e-02 -3.8371e-03
17 5.3651e-04 -1.5968e-02
18 5.2823e-04 -2.9771e-02
19 -1.4838e-02 1.4586e-02
20 3.3482e-02 3.0387e-02
21 -5.9619e-03 4.3138e-02
22 1.6219e-02 -1.4686e-02
23 9.5479e-03 3.2920e-02
24 -1.6006e-02 -4.5571e-02
25 -2.8033e-02 -1.3034e-02
26 -3.0269e-02 -2.2659e-02
27 3.9317e-02 8.0158e-03
28 -1.7044e-02 -3.6362e-02
29 2.9799e-02 -1.4548e-02
30 2.8604e-02 1.8149e-02
31 3.7974e-02 1.9868e-02
32 -2.9539e-02 -9.2773e-03
33 2.3022e-02 -2.6589e-02
34 -3.7062e-04 4.2682e-02
35 1.3687e-02 2.1657e-03
36 -4.0297e-02 7.4944e-03
37 1.7132e-02 2.2787e-02
38 8.9893e-03 -3.9925e-02
39 -4.7902e-03 2.3447e-02
40 -4.0679e-02 1.5658e-02
41 -4.3071e-02 3.0681e-03
42 -3.4734e-02 -3.5036e-02
43 1.1041e-02 4.4974e-02
44 7.4557e-03 -1.1243e-02
45 -7.6075e-03 1.3394e-02
46 -2.1846e-02 3.0872e-02
47 -2.8563e-02 2.1201e-02
48 -1.4458e-02 5.5196e-03
49 4.4578e-03 2.9132e-02
50 -3.0069e-02 3.9841e-03
51 -2.2875e-02 4.9149e-03
52 -3.5349e-02 -2.8212e-04
53 3.7845e-02 -1.5532e-02
54 9.3595e-03 -3.7822e-02
55 7.8519e-03 -3.4579e-02
56 -1.3942e-02 9.1471e-03
57 4.2215e-02 1.8389e-02
58 1.2449e-02 2.2340e-02
59 1.8658e-02 1.1712e-02
60 -8.8031e-03 -1.1062e-02
61 1.3086e-02 2.1475e-02
62 2.3727e-02 1.6129e-02
63 3.9683e-03 -4.1956e-02
64 -2.0488e-02 2.7681e-02
65 -1.8910e-02 4.5345e-02
66 1.4656e-02 -1.8751e-02
67 9.8890e-03 2.7049e-02
68 -8.5844e-03 -3.2343e-02
69 -2.1279e-02 2.5453e-02
70 -1.5103e-02 -2.3335e-02
71 2.9257e-02 1.4818e-02
72 -1.6594e-02 -9.3707e-03
73 -1.1967e-02 1.3017e-03
74 -3.7347e-02 3.1537e-03
75 -3.1641e-02 -7.1545e-03
76 2.6977e-02 3.9433e-02
77 -2.6501e-02 4.0661e-02
78 1.5529e-02 5.9301e-03
79 2.5790e-02 -3.5256e-02
80 -2.1524e-02 -9.2721e-03
81 1.9041e-02 -1.1318e-02
82 -1.9876e-02 1.8953e-02
83 -8.9203e-03 -1.7765e-02
84 -2.7479e-02 -1.5359e-02
85 -3.6221e-02 -3.0684e-02
86 -3.6996e-03 -1.1244e-02
87 4.0065e-02 1.2574e-02
88 3.6831e-02 8.1690e-03
89 -2.4151e-02 2.1846e-02
90 1.4199e-02 2.2776e-02
91 2.0798e-03 1.5912e-02
92 3.5215e-02 2.9540e-03
93 3.7394e-02 1.8221e-02
94 2.0167e-02 3.0419e-02
95 -1.6171e-02 9.4696e-03
96 -3.8803e-02 -1.4570e-02
97 2.7100e-02 -6.2045e-03
98 -3.4009e-03 1.5567e-02
99 2.7381e-02 -2.8694e-03
100 -1.6472e-02 4.3791e-02
101 -1.0378e-02 1.0427e-02
102 -1.0501e-02 -1.6386e-02
103 -4.4731e-02 -2.3064e-03
104 -1.1756e-02 4.2009e-02
105 2.4369e-02 3.2818e-02
106 -4.6075e-02 9.1785e-03
107 3.9116e-02 2.0482e-02
108 1.5218e-02 -7.1000e-03
109 1.1178e-02 -6.6226e-03
110 -1.5386e-03 2.6028e-02
111 -1.1950e-02 -3.2150e-02
112 -2.0885e-02 -1.8334e-02
113 4.1411e-02 2.4879e-02
114 -1.4393e-02 3.5639e-03
115 -1.2847e-02 3.1529e-02
116 -3.1851e-02 -1.6863e-02
117 4.3194e-02 -1.5659e-02
118 2.9231e-02 2.1016e-02
119 3.8448e-02 -1.4712e-02
120 -1.5723e-02 -2.1041e-02
121 2.1515e-02 1.1214e-02
122 -3.3034e-02 -3.0803e-02
123 -5.1614e-03 -1.6481e-02
124 2.0606e-02 -3.2326e-03
125 -8.6968e-03 6.0962e-03
126 1.6856e-02 2.9544e-02
127 2.4550e-02 2.9575e-02
128 -1.7003e-02 -2.9784e-03
129 7.4237e-03 -3.4438e-02
130 -2.4581e-02 -3.1111e-02
131 3.1206e-02 3.6008e-02
132 1.7827e-02 3.2739e-02
133 -3.2678e-02 4.7694e-03
134 -2.6955e-02 -3.2625e-02
135 -4.4345e-02 -5.4430e-04
136 3.6445e-02 5.2156e-03
137 3.4994e-02 2.5959e-02
138 -3.3838e-02 -2.3279e-02
139 -4.6798e-02 -4.0979e-03
140 1.3215e-02 -1.0643e-02
141 -3.2919e-02 -8.6067e-03
142 4.2808e-02 2.4336e-02
143 -1.3563e-03 1.4901e-02
144 2.5917e-03 1.7779e-02
145 -1.1230e-02 -7.7191e-03
146 -1.0335e-02 -3.0349e-02
147 5.1099e-03 1.6201e-02
148 -1.6787e-02 -4.6486e-02
149 -1.8269e-02 -4.3710e-02
150 -2.6361e-02 -1.2106e-02
151 3.3674e-02 2.7262e-02
152 5.6820e-03 -3.6343e-02
153 4.8626e-03 4.0144e-02
154 3.9256e-02 -6.1897e-03
155 2.2788e-02 2.1668e-02
156 8.9077e-03 3.1872e-02
157 1.3294e-02 1.6876e-02
158 1.9109e-02 -1.9305e-03
159 5.4722e-03 -2.9193e-02
160 -8.5029e-05 3.5850e-02
161 1.2202e-02 1.4649e-02
162 -1.5781e-02 -1.8768e-02
163 1.8593e-02 2.1835e-02
164 -1.4758e-02 -3.9234e-03
165 -7.6852e-03 -3.6510e-02
166 5.6110e-04 -4.1194e-02
167 -2.9090e-02 -2.4191e-02
168 5.1829e-03 3.8948e-02
169 -6.4492e-03 -4.1632e-02
170 -2.4333e-02 4.0475e-02
171 -1.4352e-02 -2.3679e-03
172 1.0601e-02 -2.0049e-02
173 2.0256e-02 -2.2053e-02
174 -2.1254e-02 4.2751e-02
175 -2.3611e-02 -2.5465e-02
176 -2.1216e-02 -1.1858e-02
177 -2.4385e-02 1.7434e-02
178 3.5281e-02 -2.9622e-02
179 1.3117e-02 4.2260e-02
180 -2.6139e-02 1.7877e-02
181 -2.4475e-02 -3.1972e-02
182 -4.3198e-02 -2.2581e-02
183 3.6053e-02 5.0098e-03
184 -2.6015e-02 2.0428e-02
185 3.5318e-02 1.7856e-02
186 1.1513e-02 -8.8014e-03
187 1.1855e-02 -1.5014e-02
188 2.8793e-02 -3.4704e-02
189 2.0645e-02 -1.8787e-02
190 -1.7803e-02 3.7139e-02
191 1.0709e-02 1.4430e-02
192 1.3525e-02 -4.1667e-02
193 -4.3809e-02 1.3413e-02
194 1.1751e-02 3.2438e-03
195 3.1456e-02 2.6196e-02
196 3.3236e-02 -3.8841e-03
197 1.5251e-02 4.0768e-03
198 6.3642e-03 -4.0982e-02
199 -1.4064e-03 -3.3305e-02
