0 -1.4450e-03 -2.8779e-02
1 -5.3468e-03 2.5603e-02
2 5.3584e-03 -3.7373e-02
3 1.6476e-02 2.1840e-02
4 1.0410e-02 3.1997e-02
5 -3.0255e-02 2.5972e-02
6 1.6717e-02 -1.2136e-02
7 2.4653e-02 -1.9890e-02
8 4.0461e-02 -5.7872e-03
9 -2.0000e-02 2.0977e-02
10 -3.0674e-02 -2.4347e-02
11 -1.6043e-02 8.6434e-03
12 3.4222e-02 -2.8728e-02
13 -2.7402e-02 3.7724e-02
14 2.7511e-02 1.2725e-02
15 -1.5188e-02 3.2306e-02
16 2.6433e-02 -1.3276e-02
17 2.9796e-03 -1.8803e-02
18 -5.4817e-03 1.1096e-02
19 7.3446e-03 4.7515e-02
20 -9.2850e-03 3.4700e-02
21 -2.4055e-02 -3.9956e-03
22 -1.7796e-02 2.3459e-02
23 -2.2234e-02 2.6407e-02
24 6.8749e-03 2.1007e-02
25 9.5433e-03 -3.5747e-02
26 -4.0731e-02 1.5460e-02
27 1.9016e-02 7.6825e-03
28 4.7567e-03 3.0107e-02
29 3.6845e-02 8.1451e-03
30 -5.9746e-03 -4.1798e-02
31 2.8526e-02 -3.9062e-02
32 -4.2063e-02 4.0974e-03
33 1.3222e-02 2.1891e-03
34 1.3009e-03 2.4060e-02
35 -4.8147e-02 2.9543e-04
36 -3.0720e-02 1.1183e-02
37 -3.2990e-02 1.0780e-02
38 1.4425e-02 6.8957e-03
39 1.2095e-02 2.4377e-03
40 -9.4129e-03 -4.4813e-02
41 9.1906e-03 6.4478e-03
42 3.8966e-02 1.0686e-02
43 9.4679e-03 -2.7549e-02
44 1.5515e-02 -1.9573e-02
45 6.1022e-03 -1.0629e-02
46 3.2393e-02 1.2049e-02
47 -2.1456e-02 -5.0463e-03
48 2.8712e-02 3.6129e-02
49 3.3006e-02 2.7244e-02
50 4.3991e-03 4.8830e-02
51 -2.2845e-02 4.4418e-02
52 -4.4626e-02 1.8056e-02
53 -3.0656e-02 -3.5500e-02
54 5.8846e-03 -4.3537e-02
55 -3.9947e-02 1.7997e-02
56 3.0689e-02 -4.0283e-03
57 -2.3575e-02 2.9968e-02
58 1.1769e-02 -4.4594e-03
59 -7.8920e-03 3.0348e-02
60 7.8219e-03 1.2165e-02
61 1.5811e-02 1.8462e-02
62 -2.7379e-02 1.9546e-02
63 1.2800e-02 4.7200e-02
64 2.7320e-02 4.0802e-02
65 1.7013e-02 -3.5574e-02
66 2.9931e-02 -3.2646e-02
67 -2.2053e-02 1.9314e-02
68 -7.3729e-03 -2.4625e-02
69 -2.8429e-02 4.1128e-02
70 -3.6544e-02 2.5100e-02
71 1.7810e-02 -2.5520e-02
72 2.1187e-02 -2.7086e-02
73 -4.0159e-02 1.9276e-02
74 1.0563e-02 -4.2648e-03
75 3.7254e-02 3.2706e-02
76 -6.3890e-03 -3.5979e-02
77 -3.3190e-02 -6.9295e-03
78 1.4633e-02 3.3447e-02
79 1.2977e-02 1.4485e-02
80 -1.9682e-02 2.6660e-02
81 2.3025e-02 -9.2626e-03
82 1.0604e-02 -2.6272e-02
83 -1.5506e-02 -2.0679e-02
84 -2.4403e-02 -3.2403e-03
85 1.7340e-02 3.0075e-02
86 3.6706e-02 -1.9471e-02
87 2.6826e-02 4.1703e-02
88 1.8515e-02 4.0310e-02
89 3.0862e-02 -2.2789e-02
90 5.4424e-03 4.1482e-02
91 -1.7482e-02 1.1115e-02
92 -4.0491e-02 2.7740e-02
93 1.9092e-02 4.6194e-02
94 -1.5681e-02 1.6033e-02
95 2.5533e-02 -3.6577e-02
96 -3.8947e-02 -3.0332e-02
97 -3.4990e-02 2.4891e-02
98 -1.0503e-02 4.3868e-02
99 3.1398e-02 -1.9402e-02
100 6.6157e-03 7.5791e-03
101 1.7916e-02 -1.6865e-02
102 1.6107e-02 -1.6892e-02
103 -2.3616e-02 3.2525e-02
104 2.5373e-02 -2.6312e-02
105 4.0602e-02 -6.0203e-03
106 -2.3503e-02 4.0838e-02
107 2.8425e-02 -3.7208e-02
108 2.5393e-02 2.5661e-02
109 -2.4455e-02 -1.8235e-02
110 -1.8708e-02 5.4024e-03
111 1.1537e-02 3.4336e-02
112 -1.6907e-02 4.0772e-02
113 -1.9825e-02 -1.4075e-02
114 7.7755e-03 4.5236e-02
115 1.8712e-02 7.8559e-03
116 3.3160e-02 -1.8543e-02
117 -2.2222e-02 -3.1646e-03
118 -2.4543e-02 2.7243e-02
119 -1.9584e-02 1.4559e-02
120 3.0539e-02 -3.5747e-02
121 -2.4636e-02 4.0061e-02
122 -9.0886e-03 -2.2320e-02
123 -1.7292e-02 -3.9732e-02
124 3.6189e-02 -1.4238e-03
125 -1.7770e-02 -1.7126e-02
126 -1.1272e-02 2.9231e-02
127 2.9455e-02 -7.9752e-03
128 4.7046e-03 4.8076e-02
129 2.4933e-02 3.6903e-02
130 -5.5641e-03 -3.0353e-02
131 5.3058e-03 1.9271e-02
132 -4.3507e-02 2.4640e-02
133 1.0023e-02 2.5873e-02
134 -3.5108e-02 1.4305e-02
135 2.7990e-02 -4.7586e-03
136 -1.5227e-02 -4.1826e-02
137 -2.0336e-03 -3.4227e-02
138 -4.1988e-02 1.7829e-02
139 6.0498e-03 -3.3324e-02
140 -3.8855e-02 9.9098e-04
141 1.2246e-02 -2.9342e-04
142 1.7092e-02 -3.6183e-02
143 5.6675e-03 -3.9061e-02
144 -3.9181e-02 -1.7752e-02
145 2.3900e-04 -3.0130e-02
146 -3.2515e-02 -3.6457e-02
147 -2.2010e-02 -1.8662e-02
148 2.8106e-02 3.3141e-02
149 4.6149e-02 5.5208e-03
150 3.0240e-02 3.2155e-02
151 -3.7327e-02 -9.8719e-04
152 2.0388e-02 -4.3335e-02
153 -7.3721e-03 3.2401e-02
154 -2.2657e-02 1.7245e-02
155 3.3278e-02 -2.0554e-02
156 1.3430e-03 -4.0433e-02
157 -1.4318e-02 -2.8790e-02
158 2.2577e-02 1.8087e-02
159 -4.9579e-02 2.2029e-03
160 -1.3236e-02 3.5176e-02
161 -3.8683e-02 -2.4036e-02
162 1.7999e-03 2.0481e-02
163 2.8972e-02 6.8827e-03
164 3.8567e-03 -1.0811e-02
165 9.1592e-03 2.5651e-02
166 -1.5298e-02 1.1092e-02
167 2.6156e-02 1.6550e-02
168 2.2765e-02 6.6746e-03
169 -2.4993e-02 2.5439e-02
170 3.3517e-03 -4.8831e-02
171 -2.5507e-02 -2.9955e-02
172 1.7807e-02 -3.3645e-02
173 -4.3412e-02 -1.9880e-03
174 3.5574e-02 3.9087e-03
175 -3.0436e-02 -1.4836e-02
176 3.8448e-02 2.5683e-02
177 -2.6024e-02 -9.2553e-03
178 1.3600e-02 -2.2299e-02
179 1.4154e-02 -4.6026e-03
180 3.5462e-03 2.8564e-02
181 -2.4970e-02 -1.3315e-02
182 5.0761e-03 -8.9689e-03
183 -8.1960e-03 4.7026e-02
184 2.2869e-02 6.8144e-03
185 -4.2375e-02 2.5350e-02
186 -5.1420e-03 -4.4132e-02
187 -2.3049e-02 3.2604e-03
188 -4.1456e-02 1.3342e-02
189 2.2850e-02 6.2729e-03
190 -5.6587e-03 -4.8903e-02
191 1.4973e-02 1.3031e-02
192 -1.3040e-02 3.5738e-02
193 -4.6177e-02 1.0250e-03
194 -1.5446e-02 -2.6388e-02
195 2.7272e-02 -1.2667e-02
196 2.7598e-02 -3.2157e-02
197 1.0372e-02 1.4080e-02
198 1.3068e-02 5.1849e-03
199 -1.3429e-02 3.7596e-02
