id   g1 (est)    g1 (true)     psf e1    g2 (est)    g2 (true)    psf e2    converged    ks1    ks2    outlierFrac (|g1|>2)  outlierFrac (|g2|>2)
           0  -0.00064187749    0.0155360   0.00316841    -0.028414543   0.00371490   -0.0317388      1.00000     0.168300     0.272354  0.000201187  0.000201187
           1   -0.0063582385   0.00670100 -0.000691600     0.025147059    0.0303550    0.0108405      1.00000     0.632294     0.462622  0.000302024  0.000100675
           2  -0.00046618086    0.0148750    0.0910799    -0.059792025   -0.0223370    0.0902673      1.00000  8.69621e-26  3.01463e-34   0.00475130    0.0314774
           3     0.017552403    0.0187890   -0.0167270     0.021111451    0.0233800   -0.0133426      1.00000     0.176995     0.100775  0.000201532  0.000100766
           4     0.011159490  -0.00738730   -0.0563567     0.031384604    0.0418330   0.00564254      1.00000    0.0183685  0.000694632  0.000100442      0.00000
           5    -0.032567646   -0.0278480   -0.0587624     0.025361079   -0.0210880    -0.182089      1.00000    0.0517955  0.000709532  0.000508958   0.00142508
           6     0.016664265   0.00710720    0.0821519    -0.010495654   -0.0165800    0.0556485      1.00000     0.803310     0.133407  0.000403511  0.000201755
           7     0.024170043    0.0354910   -0.0413379    -0.018348847    0.0183000    0.0191146      1.00000     0.470474     0.422558  0.000100664  0.000100664
           8     0.040154174    0.0444610    0.0605694   -0.0076741785  -0.00997300     0.115699      1.00000     0.592270    0.0837273  0.000503981  0.000302389
           9    -0.022056847   -0.0101320    0.0749314     0.017849811   -0.0441980    0.0669319      1.00000     0.113646     0.344387      0.00000  0.000201410
          10    -0.031937198    0.0364910    0.0212865    -0.024011862    0.0291030    0.0109994      1.00000    0.0716524     0.783167  0.000403266  0.000100817
          11    -0.014876455   -0.0150040    0.0231949    0.0088034714    0.0349570  -0.00462086      1.00000   0.00450793     0.115698      0.00000      0.00000
          12     0.033475038   -0.0157420   -0.0225834    -0.028347276   -0.0255150   -0.0190971      1.00000  0.000665637    0.0435061  0.000200944      0.00000
          13    -0.027088326    0.0303450    0.0453808     0.037290973   -0.0297720    0.0305219      1.00000     0.292436     0.156207  0.000101112  0.000303337
          14     0.027538894    0.0108180  -0.00210978     0.010897676  -0.00628460   -0.0187203      1.00000     0.167517     0.265578  0.000402658      0.00000
          15    -0.016055243    0.0102530  -0.00121477     0.030163727    0.0416950    0.0665107      1.00000     0.601096     0.953561  0.000201816  0.000706357
          16     0.026257563   -0.0402120    0.0139304    -0.012517764  -0.00383710   -0.0185016      1.00000     0.113179    0.0136533  0.000201227      0.00000
          17    0.0041364767  0.000536510    0.0156099    -0.030393952   -0.0159680    0.0497149      1.00000  1.73307e-10  2.79024e-16   0.00351535    0.0105461
          18   -0.0053989641  0.000528230    0.0134483    0.0087681882   -0.0297710   -0.0151986      1.00000     0.496612     0.137756  0.000101010      0.00000
          19    0.0055083125   -0.0148380    0.0216053     0.047527637    0.0145860   -0.0334346      1.00000    0.0754241     0.387214  0.000301417  0.000401889
          20   -0.0080559175    0.0334820   0.00179924     0.035635163    0.0303870   -0.0194212      1.00000     0.273330    0.0989230  0.000100837  0.000100837
          21    -0.023737822  -0.00596190    0.0326650   -0.0057427735    0.0431380    0.0498969      1.00000     0.255061     0.708239  0.000303183  0.000202122
          22    -0.018194694    0.0162190   -0.0247298     0.023218044   -0.0146860   -0.0105980      1.00000     0.871632     0.519487  0.000201674  0.000302511
          23    -0.022881734   0.00954790    -0.140164     0.023062707    0.0329200    0.0255662      1.00000  0.000108954  0.000304680   0.00124883   0.00260173
          24    0.0059923699   -0.0160060    0.0171984     0.021059260   -0.0455710    0.0293656      1.00000     0.657848     0.208830  0.000100939  0.000201877
          25    0.0088405247   -0.0280330    0.0909735    -0.034004913   -0.0130340   -0.0329641      1.00000     0.201893     0.267183      0.00000  0.000304167
          26    -0.041001067   -0.0302690    0.0355883    0.0095042364   -0.0226590    0.0791167      1.00000  2.05881e-05  7.97747e-05   0.00113041  0.000924879
          27     0.018039602    0.0393170   -0.0457017    0.0078088116   0.00801580   -0.0133889      1.00000     0.258008     0.112306  0.000703942  0.000201126
          28    0.0048588374   -0.0170440   0.00525041     0.029508375   -0.0363620    0.0435382      1.00000    0.0414784     0.124793  0.000100452  0.000200904
          29     0.050351713    0.0297990   -0.0340554     0.021366035   -0.0145480    -0.172151      1.00000  6.55577e-22  3.84193e-31    0.0116023    0.0104420
          30   -0.0069428327    0.0286040   -0.0215361    -0.042346418    0.0181490    0.0315081      1.00000     0.887176    0.0281015  0.000100735  0.000100735
          31     0.027990519    0.0379740   -0.0198104    -0.040448025    0.0198680    0.0242500      1.00000     0.479394     0.174488      0.00000  0.000100553
          32    -0.043957784   -0.0295390   0.00791127    0.0040939697  -0.00927730   -0.0207515      1.00000     0.676062     0.288881  0.000100817  0.000100817
          33     0.015521121    0.0230220   -0.0113840    0.0030738723   -0.0265890   -0.0191606      1.00000    0.0447005     0.180974  0.000609446  0.000507872
          34    0.0015075420 -0.000370620   -0.0691547     0.025534209    0.0426820    0.0643780      1.00000    0.0154366   0.00332247  0.000715893  0.000715893
          35    -0.048319684    0.0136870    0.0130949    0.0010373506   0.00216570   -0.0608160      1.00000    0.0884784     0.291281  0.000707142  0.000303061
          36    -0.030201173   -0.0402970   -0.0361859     0.010881838   0.00749440    0.0225353      1.00000     0.857260     0.948412  0.000403429      0.00000
          37    -0.035058675    0.0171320    0.0736104    0.0064165858    0.0227870     0.107165      1.00000  8.39430e-06   0.00452602   0.00102145  0.000408580
          38     0.015428953   0.00898930    -0.100840     0.010400396   -0.0399250    -0.129174      1.00000  0.000645568   0.00145399  0.000918086  0.000816077
          39     0.012287424  -0.00479020    0.0136393   0.00048923807    0.0234470    0.0661918      1.00000     0.786961     0.849990  0.000809389  0.000101174
          40    -0.010568361   -0.0406790    0.0171925    -0.046383932    0.0156580   -0.0177745      1.00000     0.611139     0.937484  0.000202081  0.000202081
          41    0.0089951556   -0.0430710  -0.00156178    0.0054065146   0.00306810   -0.0116176      1.00000     0.512618     0.417654      0.00000  0.000202327
          42     0.040563156   -0.0347340   -0.0163862     0.012460561   -0.0350360    0.0119352      1.00000     0.805074     0.324873  0.000101143      0.00000
          43    0.0083263892    0.0110410    0.0576236    -0.028741957    0.0449740   0.00807040      1.00000     0.585666     0.790778  0.000507872  0.000203149
          44     0.012505925   0.00745570     0.125218    -0.019112773   -0.0112430   -0.0337655      1.00000     0.197260     0.956255  0.000506175  0.000506175
          45    0.0033751710  -0.00760750  -0.00421756   -0.0094347483    0.0133940    0.0131271      1.00000     0.394104     0.501054  0.000403673  0.000302755
          46     0.030085169   -0.0218460     0.133937    0.0099097467    0.0308720   -0.0430329      1.00000  1.16011e-06  3.81469e-07   0.00282575   0.00177917
          47    -0.021860779   -0.0285630   -0.0352278   -0.0040442837    0.0212010   -0.0603714      1.00000     0.378785     0.146286      0.00000  0.000100604
          48     0.028584226   -0.0144580   -0.0186378     0.036629427   0.00551960   -0.0270309      1.00000    0.0106389     0.762565  0.000402374      0.00000
          49     0.034296205   0.00445780    0.0196852     0.027310624    0.0291320    0.0297092      1.00000     0.677689   0.00534732  0.000100523  0.000100523
          50    0.0073550325   -0.0300690   -0.0217366     0.047053972   0.00398410  -0.00848669      1.00000     0.762343    0.0685237  0.000100867  0.000201735
          51    -0.024527749   -0.0228750    0.0264519     0.045065256   0.00491490  -0.00775677      1.00000     0.156665     0.120404      0.00000  0.000302297
          52    -0.042990556   -0.0353490   -0.0139478     0.017769802 -0.000282120  -0.00444009      1.00000    0.0111439   0.00340836      0.00000  0.000100311
          53    -0.030397608    0.0378450   -0.0169884    -0.034025969   -0.0155320   -0.0140452      1.00000     0.342423     0.353806  0.000200985  0.000200985
          54    0.0078969469   0.00935950   -0.0148789    -0.044388163   -0.0378220    0.0159614      1.00000     0.828155    0.0967955      0.00000  0.000101389
          55    -0.040577967   0.00785190   -0.0130939     0.021094218   -0.0345790    0.0336903      1.00000    0.0628274     0.345929  0.000100412  0.000200823
          56     0.028521883   -0.0139420  0.000134515   -0.0061096596   0.00914710    0.0634126      1.00000     0.189354     0.605337  0.000603379  0.000100563
          57    -0.024936933    0.0422150   0.00179340     0.031743946    0.0183890   -0.0465805      1.00000    0.0127997     0.288260  0.000201207  0.000503018
          58     0.010989599    0.0124490    0.0319696   -0.0051018292    0.0223400   -0.0176105      1.00000    0.0831721     0.647835  0.000100563      0.00000
          59   -0.0069165634    0.0186580   -0.0226940     0.030528440    0.0117120    0.0151137      1.00000    0.0229686     0.480609      0.00000  0.000201552
          60    0.0085384906  -0.00880310   -0.0148290     0.012154387   -0.0110620   -0.0124661      1.00000     0.179462    0.0400710  0.000813421  0.000508388
          61     0.015826649    0.0130860   -0.0150653     0.019145872    0.0214750   0.00968943      1.00000    0.0762532     0.118690      0.00000      0.00000
          62    -0.029395108    0.0237270    0.0528029     0.021413946    0.0161290   -0.0491874      1.00000    0.0199192    0.0869720  0.000811194   0.00111539
          63     0.012868310   0.00396830    0.0145402     0.047237211   -0.0419560    0.0268524      1.00000     0.780460     0.632754  0.000705787  0.000705787
          64     0.026624500   -0.0204880  0.000551163     0.040879044    0.0276810    0.0126083      1.00000    0.0809231     0.743167  0.000100766  0.000201532
          65     0.017834720   -0.0189100    0.0153866    -0.035150519    0.0453450   -0.0142201      1.00000     0.181685    0.0899998  0.000200783  0.000100392
          66     0.028838812    0.0146560   -0.0159730    -0.033584052   -0.0187510    0.0929469      1.00000  4.76780e-05  0.000631772   0.00306717   0.00132911
          67    -0.022812938   0.00988900   0.00290416     0.019570556    0.0270490    0.0207973      1.00000     0.357238     0.351580      0.00000  0.000100980
          68   -0.0055588892  -0.00858440   -0.0726326    -0.023944715   -0.0323430   -0.0112973      1.00000     0.690009     0.153626      0.00000  0.000201329
          69    -0.029787020   -0.0212790   -0.0261819     0.040424868    0.0254530    0.0210253      1.00000     0.223544     0.144172  0.000100817  0.000403266
          70    -0.037554152   -0.0151030    0.0192277     0.023030206   -0.0233350    0.0346208      1.00000     0.482656     0.306392      0.00000  0.000201552
          71     0.018276809    0.0292570  -0.00889938    -0.024993375    0.0148180    0.0197027      1.00000     0.381851     0.111529  0.000202265      0.00000
          72     0.013568008   -0.0165940   -0.0753016    -0.036548149  -0.00937070    0.0507947      1.00000  1.51939e-10  3.70622e-08   0.00327800   0.00274929
          73    -0.041721860   -0.0119670   -0.0217761     0.018834960   0.00130170   -0.0406686      1.00000     0.958507     0.552247      0.00000  0.000302908
          74     0.011732396   -0.0373470   -0.0124370   -0.0047983242   0.00315370  -0.00710129      1.00000     0.908081     0.427740  0.000302541  0.000100847
          75     0.036671205   -0.0316410    0.0118939     0.031792689  -0.00715450   -0.0198444      1.00000    0.0685027   0.00256788  0.000100594  0.000201187
          76   -0.0055581673    0.0269770    0.0177471    -0.036335152    0.0394330  -0.00548347      1.00000   0.00557517    0.0424973      0.00000  0.000100311
          77    -0.031247396   -0.0265010    0.0206380   -0.0063170878    0.0406610   -0.0123212      1.00000    0.0495094     0.105729  0.000100594      0.00000
          78     0.013022797    0.0155290    0.0197398     0.033202043   0.00593010   0.00694731      1.00000     0.846948     0.693892  0.000404245  0.000303183
          79     0.010790582    0.0257900    0.0183610     0.013942156   -0.0352560   -0.0255900      1.00000     0.789917     0.644373  0.000201187  0.000201187
          80    -0.017958175   -0.0215240   -0.0417872     0.027053221  -0.00927210   -0.0157271      1.00000     0.182658    0.0715984  0.000100422  0.000100422
          81     0.025265893    0.0190410   -0.0674054    -0.016885399   -0.0113180     0.168086      1.00000    0.0126827    0.0399219   0.00102093  0.000612557
          82     0.011304509   -0.0198760   -0.0437729    -0.026255174    0.0189530    0.0262226      1.00000     0.438733     0.138049  0.000607042  0.000303521
          83    -0.018530076  -0.00892030    0.0887017    -0.020246795   -0.0177650   -0.0256151      1.00000     0.299070     0.726815  0.000503474  0.000201390
          84    -0.027363567   -0.0274790    0.0127729   -0.0034882369   -0.0153590    0.0209435      1.00000    0.0702303     0.242263  0.000100472  0.000100472
          85     0.015530671   -0.0362210   -0.0101855     0.028683752   -0.0306840    0.0366741      1.00000    0.0413716     0.539011  0.000201167  0.000201167
          86     0.035598704  -0.00369960   -0.0474929    -0.018570526   -0.0112440   -0.0600654      1.00000    0.0899993     0.642878  0.000404776      0.00000
          87     0.025666569    0.0400650    0.0155576     0.042614424    0.0125740   -0.0270603      1.00000    0.0413343     0.240085      0.00000  0.000703306
          88     0.024047244    0.0368310    0.0165548     0.032952366   0.00816900   -0.0973292      1.00000  5.35745e-13  5.64477e-24    0.0105957    0.0116553
          89     0.030288431   -0.0241510   -0.0131009    -0.021509315    0.0218460   -0.0333883      1.00000    0.0730931    0.0373329  0.000402212  0.000201106
          90    0.0044801547    0.0141990   0.00682680     0.037467795    0.0227760   -0.0593173      1.00000     0.183622   0.00676046  0.000101225   0.00101225
          91    -0.013807287   0.00207980     0.103569    0.0088757126    0.0159120   -0.0306017      1.00000  5.39008e-08  1.07264e-05   0.00102135   0.00122562
          92    -0.039838782    0.0352150  -0.00934265     0.027439928   0.00295400  2.83347e-05      1.00000    0.0341492   0.00154952      0.00000      0.00000
          93     0.010120109    0.0373940    0.0664497     0.043678688    0.0182210     0.135289      1.00000    0.0601793     0.207108  0.000506432   0.00111415
          94    -0.017845409    0.0201670    0.0134017     0.016304403    0.0304190   -0.0773901      1.00000     0.234243   0.00270397  0.000100553  0.000201106
          95     0.026009662   -0.0161710    -0.142053    -0.034918632   0.00946960     0.120964      1.00000  0.000163815   0.00198227   0.00111585  0.000507202
          96    -0.038176414   -0.0388030   -0.0267730    -0.030118653   -0.0145700  0.000753691      1.00000    0.0337110    0.0204476  0.000100442  0.000200884
          97    -0.040904088    0.0271000    0.0786755     0.023922782  -0.00620450   -0.0287482      1.00000    0.0327174     0.311431  0.000303797  0.000506329
          98    -0.010739795  -0.00340090    0.0110697     0.043451592    0.0155670   -0.0131798      1.00000     0.700158     0.491798      0.00000  0.000707786
          99     0.030077000    0.0273810   0.00996183    -0.020960049  -0.00286940   -0.0145605      1.00000     0.107764    0.0794754  0.000101256      0.00000
         100    0.0045758147   -0.0164720   -0.0458886    0.0075102367    0.0437910    0.0229884      1.00000     0.121711     0.727121  0.000303552  0.000303552
         101     0.015568812   -0.0103780     0.101085    -0.016267806    0.0104270   0.00872171      1.00000     0.113056     0.717458  0.000406504  0.000203252
         102     0.015269771   -0.0105010   -0.0187671    -0.016821301   -0.0163860   -0.0169542      1.00000     0.156958     0.253852  0.000100422  0.000200844
         103    -0.024129261   -0.0447310   -0.0254853     0.032471039  -0.00230640  -0.00896436      1.00000     0.255680     0.480589  0.000201268  0.000301902
         104     0.026223396   -0.0117560   -0.0259328    -0.024803366    0.0420090    0.0294070      1.00000     0.603624     0.350105  0.000605571      0.00000
         105     0.040281575    0.0243690   0.00895435   -0.0060155634    0.0328180   -0.0164689      1.00000    0.0784630     0.940245  0.000809062  0.000404531
         106    -0.022325796   -0.0460750   -0.0370728     0.041076149   0.00917850    0.0454501      1.00000     0.147155     0.242463      0.00000  0.000202573
         107     0.029967386    0.0391160   0.00349998    -0.038092691    0.0204820    0.0444828      1.00000     0.624464     0.127604  0.000201898      0.00000
         108     0.024092807    0.0152180    0.0242141     0.025668278  -0.00710000   -0.0124372      1.00000    0.0813757     0.299468  0.000100482  0.000200965
         109    -0.024157158    0.0111780   -0.0162302    -0.017678336  -0.00662260    0.0453748      1.00000     0.166917     0.434228  0.000304105  0.000101368
         110    -0.018265065  -0.00153860   0.00738028    0.0058302566    0.0260280   0.00116761      1.00000     0.556696     0.572732  0.000100624  0.000100624
         111    0.0098692632   -0.0119500  -0.00789118     0.034205130   -0.0321500  -0.00510265      1.00000     0.193103     0.178022      0.00000  0.000201045
         112    -0.016398291   -0.0208850    0.0100349     0.041858738   -0.0183340   -0.0549228      1.00000     0.421568    0.0336911  0.000101513   0.00101513
         113    -0.021236835    0.0414110    0.0548805    -0.013760469    0.0248790    -0.145215      1.00000   0.00916543   0.00893621  0.000715454  0.000817661
         114    0.0080341961   -0.0143930  -0.00723202     0.046618358   0.00356390   -0.0130078      1.00000     0.297200     0.623546  0.000101133  0.000303398
         115     0.018348751   -0.0128470   -0.0348154    0.0072997058    0.0315290    0.0205689      1.00000    0.0914067     0.564442  0.000200985  0.000301477
         116     0.033084599   -0.0318510   -0.0169654    -0.019769530   -0.0168630   -0.0273410      1.00000    0.0495834    0.0103073  0.000200924      0.00000
         117    -0.019794068    0.0431940    0.0503709   -0.0031905472   -0.0156590    0.0167024      1.00000     0.312294     0.250612  0.000504185  0.000201674
         118    -0.026002531    0.0292310    0.0433531     0.025028041    0.0210160   -0.0240554      1.00000     0.523505     0.192466  0.000202041  0.000303061
         119    -0.019117922    0.0384480    0.0113848     0.013585558   -0.0147120    0.0244807      1.00000   0.00268063   0.00992793      0.00000      0.00000
         120     0.030998052   -0.0157230   -0.0161140    -0.035597627   -0.0210410   -0.0212724      1.00000     0.194076    0.0180872  0.000506022  0.000506022
         121    -0.026643274    0.0215150   0.00216752     0.038145284    0.0112140    0.0471675      1.00000     0.808168     0.490086      0.00000  0.000504185
         122   -0.0091561225   -0.0330340  -0.00816514    -0.021316205   -0.0308030  -0.00165750      1.00000    0.0317268    0.0820698  0.000100563  0.000301689
         123    -0.017460617  -0.00516140   -0.0256079    -0.039957077   -0.0164810   0.00545585      1.00000     0.457130     0.220088  0.000200965  0.000301447
         124     0.036304690    0.0206060    0.0129700   0.00083240798  -0.00323260   -0.0246147      1.00000     0.405675     0.246975  0.000100654  0.000100654
         125    -0.016119100  -0.00869680    0.0426044    -0.018421519   0.00609620   -0.0146663      1.00000     0.841945     0.818964      0.00000  0.000100746
         126    -0.012072022    0.0168560    0.0520981     0.026700901    0.0295440   -0.0499748      1.00000    0.0475632   0.00683311      0.00000      0.00000
         127     0.027863214    0.0245500   -0.0404112   -0.0059007052    0.0295750   -0.0990092      1.00000   0.00371759    0.0321800  0.000913149  0.000608766
         128    0.0036809955   -0.0170030   -0.0239307     0.048979219  -0.00297840   -0.0106398      1.00000   0.00223771     0.180000      0.00000  0.000100442
         129     0.024207895   0.00742370   -0.0403766     0.036338491   -0.0344380  -0.00562102      1.00000    0.0900716     0.152765  0.000602531  0.000702952
         130   -0.0060533069   -0.0245810    0.0208520    -0.032934504   -0.0311110    0.0257790      1.00000     0.426585    0.0383213  0.000100867      0.00000
         131    0.0064894184    0.0312060   -0.0447396     0.020806046    0.0360080  -0.00882482      1.00000    0.0956158    0.0953126      0.00000  0.000301508
         132    -0.044443085    0.0178270  -0.00428232     0.026316216    0.0327390   -0.0986822      1.00000     0.480372    0.0484692  0.000506637  0.000607964
         133     0.010293099   -0.0326780    0.0112132     0.025934133   0.00476940   0.00859533      1.00000   0.00781332    0.0298996  0.000200965  0.000200965
         134    -0.035907275   -0.0269550   -0.0661955     0.016088333   -0.0326250   -0.0263295      1.00000     0.357461     0.792707  0.000201715  0.000706001
         135     0.027585525   -0.0443450   -0.0161472   -0.0062339121 -0.000544300   0.00710772      1.00000     0.214048     0.498792  0.000201147      0.00000
         136    -0.015269441    0.0364450  -0.00373739    -0.043773362   0.00521560    0.0253242      1.00000     0.175024     0.110644  0.000100371  0.000100371
         137   0.00038841661    0.0349940   -0.0188720    -0.028231124    0.0259590    -0.118460      1.00000  3.77831e-05  4.19567e-06   0.00136069   0.00198870
         138    -0.041354153   -0.0338380   -0.0132376     0.018187398   -0.0232790   -0.0145717      1.00000     0.510842     0.560293  0.000101000  0.000101000
         139    0.0051317714   -0.0467980   -0.0149750    -0.036946238  -0.00409790   -0.0103107      1.00000     0.924263     0.278880  0.000100817  0.000403266
         140    -0.039333888    0.0132150   0.00458460   0.00033326227   -0.0106430   -0.0202023      1.00000     0.288525    0.0191162      0.00000      0.00000
         141     0.014274126   -0.0329190   -0.0160614   0.00037265441  -0.00860670  -0.00484179      1.00000     0.193065     0.602510  0.000100827  0.000100827
         142     0.015387705    0.0428080   -0.0225976    -0.035338871    0.0243360   -0.0142711      1.00000   0.00911716    0.0354303      0.00000  0.000100462
         143    0.0056303677  -0.00135630    0.0210721    -0.039138944    0.0149010  -0.00320364      1.00000    0.0810987    0.0593572  0.000100432      0.00000
         144    -0.040099421   0.00259170   -0.0387190    -0.019189912    0.0177790   -0.0112714      1.00000     0.121244    0.0495026      0.00000  0.000100503
         145   0.00034954975   -0.0112300   -0.0222633    -0.031018272  -0.00771910    0.0170217      1.00000     0.381337    0.0158618  0.000100614  0.000100614
         146    -0.032130306   -0.0103350    0.0121801    -0.036876689   -0.0303490   0.00995679      1.00000     0.307496     0.478068  0.000201735  0.000100867
         147    -0.022523300   0.00510990    0.0450363    -0.018693308    0.0162010   -0.0106022      1.00000    0.0662122     0.468702  0.000201045  0.000301568
         148     0.029122075   -0.0167870    0.0128167     0.033751241   -0.0464860   0.00545000      1.00000     0.317544     0.214340      0.00000  0.000201106
         149     0.049623962   -0.0182690    0.0147630    0.0099587529   -0.0437100     0.126832      1.00000  0.000288531    0.0106341   0.00306122   0.00183673
         150     0.025485920   -0.0263610   0.00462815     0.030866533   -0.0121060    0.0350518      1.00000    0.0331457     0.994408  0.000606122  0.000909183
         151    -0.038076590    0.0336740   -0.0423271   -0.0011639485    0.0272620    0.0108779      1.00000     0.770478     0.679828  0.000606796  0.000202265
         152     0.020257717   0.00568200   0.00185422    -0.044002718   -0.0363430   -0.0185349      1.00000   0.00206425     0.273123  0.000100432  0.000100432
         153   -0.0077373240   0.00486260   -0.0151661     0.032827366    0.0401440   0.00525899      1.00000     0.190909     0.549054  0.000101204  0.000506022
         154    -0.021786749    0.0392560   -0.0151596     0.016804451  -0.00618970   0.00601916      1.00000    0.0942732     0.466466  0.000101020  0.000303061
         155     0.027181495    0.0227880   -0.0318956    -0.047914959    0.0216680     0.145128      1.00000  1.58613e-26  9.26707e-25    0.0164150    0.0170716
         156    0.0026374462   0.00890770   0.00616460    -0.041751953    0.0318720  -0.00635372      1.00000     0.329053     0.227339      0.00000  0.000101112
         157    -0.012800700    0.0132940   -0.0661396    -0.027052810    0.0168760   -0.0629045      1.00000     0.994826     0.496400  0.000101000  0.000202000
         158     0.025142990    0.0191090   -0.0636767     0.017336060  -0.00193050    0.0130102      1.00000     0.484819     0.338113  0.000202943  0.000101471
         159    -0.053124856   0.00547220    0.0124585    0.0020211639   -0.0291930    0.0372461      1.00000     0.219381     0.403093   0.00152006  0.000202675
         160    -0.020996093 -8.50290e-05    -0.179534     0.030023523    0.0358500    -0.137875      1.00000  2.56571e-05  9.12384e-13   0.00124352   0.00455959
         161    -0.039954348    0.0122020   0.00535442    -0.022799716    0.0146490   -0.0288349      1.00000     0.127785    0.0508613   0.00101843  0.000305530
         162    0.0017948337   -0.0157810  -0.00995041     0.020789253   -0.0187680   -0.0385899      1.00000     0.504997     0.258150  0.000100614  0.000201227
         163     0.027742861    0.0185930  -0.00129421    0.0048057881    0.0218350    0.0357598      1.00000   0.00155753    0.0669119   0.00213849   0.00183299
         164    0.0033088131   -0.0147580    -0.104558    -0.010662668  -0.00392340   -0.0478305      1.00000    0.0545886     0.102702  0.000304476  0.000202984
         165    0.0092068456  -0.00768520  -0.00746139     0.022856738   -0.0365100  -0.00414957      1.00000    0.0411814    0.0412081  0.000100563  0.000100563
         166    -0.017631044  0.000561100    0.0512228    0.0099839136   -0.0411940    0.0205661      1.00000  1.03415e-20  6.45868e-12   0.00523560   0.00364216
         167     0.026001692   -0.0290900   -0.0463046     0.016178479   -0.0241910    0.0320188      1.00000     0.513055     0.759290  0.000807021  0.000201755
         168     0.023834329   0.00518290   0.00648342    0.0049469742    0.0389480   -0.0969412      1.00000     0.607059     0.111130  0.000706072  0.000201735
         169    -0.025108065  -0.00644920  -0.00166015     0.025235834   -0.0416320    0.0267230      1.00000     0.540013     0.662019      0.00000  0.000201248
         170    0.0024476704   -0.0243330    0.0277024    -0.048613705    0.0404750   0.00144028      1.00000    0.0944066    0.0177170  0.000100796  0.000201593
         171    -0.024865883   -0.0143520   0.00852305    -0.033028587  -0.00236790   -0.0371990      1.00000     0.329774     0.714961  0.000807999  0.000303000
         172     0.017559245    0.0106010   0.00236716    -0.033374009   -0.0200490  -0.00206806      1.00000     0.739445     0.774079  0.000202716  0.000405433
         173    -0.040637481    0.0202560   -0.0390109   -0.0059027681   -0.0220530     0.130711      1.00000     0.998179     0.100703  0.000506945  0.000202778
         174     0.035122823   -0.0212540  0.000151091    0.0047523655    0.0427510   -0.0127793      1.00000     0.668744     0.274984  0.000402779      0.00000
         175    -0.027608914   -0.0236110    0.0117443    -0.022797765   -0.0254650    -0.106911      1.00000  0.000142289  0.000696860   0.00301863   0.00145727
         176     0.038464375   -0.0212160   -0.0128107     0.024939730   -0.0118580   0.00355226      1.00000     0.188521     0.833793  0.000906710  0.000705219
         177    -0.027229605   -0.0243850  -0.00853409   -0.0093295369    0.0174340   -0.0166013      1.00000     0.213372     0.148229      0.00000      0.00000
         178     0.013066429    0.0352810   -0.0175687    -0.023421079   -0.0296220  -0.00440633      1.00000     0.269826     0.146612  0.000100432      0.00000
         179     0.010829390    0.0131170   -0.0826367   -0.0018918832    0.0422600    -0.122844      1.00000   0.00328463  9.75975e-05  0.000819756   0.00102470
         180    0.0038476563   -0.0261390   -0.0402720     0.026750254    0.0178770   -0.0159924      1.00000     0.698682     0.370099  0.000302328  0.000604656
         181    -0.024895576   -0.0244750   0.00345530    -0.012939794   -0.0319720   -0.0178280      1.00000     0.194691    0.0684380  0.000100482      0.00000
         182    0.0020353701   -0.0431980    0.0444218   -0.0092208394   -0.0225810 -0.000252745      1.00000     0.663840     0.206663  0.000606183  0.000101031
         183   -0.0090026482    0.0360530    0.0149492     0.047285193   0.00500980   -0.0125981      1.00000     0.440702     0.485305  0.000100827  0.000907441
         184     0.021794290   -0.0260150    0.0201477    0.0077511473    0.0204280   0.00410253      1.00000     0.217917     0.463341  0.000504134  0.000201654
         185    -0.040906130    0.0353180   -0.0365968     0.025753233    0.0178560    0.0139935      1.00000     0.344593     0.923952      0.00000  0.000403959
         186   -0.0049991646    0.0115130    0.0230899    -0.045036154  -0.00880140    -0.105121      1.00000     0.188737     0.917758  0.000303337  0.000707786
         187    -0.023623844    0.0118550   -0.0178384    0.0014421641   -0.0150140  8.45800e-05      1.00000     0.527191     0.106044      0.00000  0.000201572
         188    -0.043721508    0.0287930   0.00998444     0.012938308   -0.0347040    0.0476975      1.00000     0.265838     0.827489  0.000813339  0.000610004
         189     0.022295886    0.0206450    0.0206247    0.0070343681   -0.0187870   0.00679078      1.00000   0.00867376   0.00790478  0.000200723  0.000200723
         190   -0.0047995575   -0.0178030   -0.0122503    -0.050135473    0.0371390  -0.00146339      1.00000    0.0522056    0.0590008  0.000100614      0.00000
         191     0.013054485    0.0107090   0.00685361    0.0080271982    0.0144300    0.0313254      1.00000  4.90890e-15  1.99891e-15   0.00635743   0.00423829
         192    -0.011723696    0.0135250   -0.0912040     0.034758269   -0.0416670   0.00219722      1.00000     0.842880     0.286163  0.000202184  0.000404367
         193    -0.059631106   -0.0438090    -0.122958   0.00098229033    0.0134130   -0.0451453      1.00000  4.34392e-10  1.79950e-05    0.0100533   0.00102585
         194    -0.019012399    0.0117510    0.0339405    -0.026490876   0.00324380    0.0688581      1.00000     0.558303    0.0977569  0.000707786  0.000707786
         195     0.025200657    0.0314560    0.0188130    -0.012259816    0.0261960  -0.00956379      1.00000     0.358578     0.165109  0.000704154  0.000100594
         196     0.026544365    0.0332360    0.0647156    -0.032828000  -0.00388410  -0.00506874      1.00000     0.660226     0.646901  0.000605510  0.000100918
         197    0.0084957162    0.0152510   -0.0200765     0.015841984   0.00407680   -0.0268722      1.00000    0.0307063     0.735500      0.00000  0.000201207
         198    0.0097373869   0.00636420    0.0524330    0.0053707432   -0.0409820   -0.0112168      1.00000     0.396912     0.294115  0.000202327  0.000202327
         199    -0.011004702  -0.00140640  -0.00278761     0.038088147   -0.0333050   -0.0258884      1.00000     0.460293     0.822106      0.00000  0.000908724
