0 -5.3659e-03 -1.6103e-02
1 2.9210e-02 -1.1491e-02
2 1.1585e-02 -4.7434e-02
3 1.9958e-02 -3.7190e-03
4 -9.2559e-03 2.6551e-02
5 2.5438e-02 -2.3012e-03
6 -7.7651e-03 -4.8904e-02
7 -4.0148e-02 1.7563e-02
8 9.6686e-03 3.4351e-02
9 -7.1098e-03 1.8229e-02
10 -1.9692e-03 1.1230e-02
11 2.9023e-02 -2.5202e-02
12 2.8243e-02 -3.2755e-02
13 -1.5620e-02 2.1191e-02
14 -8.7886e-03 -1.0332e-02
15 8.9051e-03 4.7008e-02
16 2.7493e-02 -7.5912e-03
17 -8.4335e-03 -3.5850e-02
18 2.9601e-03 2.8921e-02
19 2.0871e-02 -4.1146e-03
20 -3.2515e-03 3.9396e-02
21 -3.3493e-02 3.1809e-02
22 -6.0207e-03 -3.0702e-02
23 1.4794e-02 -1.7649e-02
24 3.8478e-02 1.4277e-02
25 4.7635e-03 4.3026e-02
26 4.5292e-02 -9.5486e-04
27 -1.5215e-02 -6.4937e-03
28 -9.0561e-03 2.4283e-02
29 -2.0342e-02 3.3079e-02
30 -4.1148e-02 5.2808e-03
31 -3.8324e-02 6.9944e-03
32 -2.2333e-02 4.4291e-02
33 -7.3519e-03 3.1020e-02
34 -1.7978e-02 -1.5706e-02
35 -3.1159e-02 1.8573e-02
36 -5.2994e-03 -9.7682e-03
37 -3.7449e-02 1.4268e-02
38 2.3791e-03 2.0147e-02
39 -1.6780e-03 -2.2511e-02
40 -1.9497e-03 -3.8452e-02
41 -2.3038e-02 1.3534e-03
42 4.4003e-02 -2.1368e-02
43 -1.5927e-02 -6.3587e-03
44 4.7075e-02 1.4907e-02
45 -3.7004e-02 -1.8633e-03
46 4.3432e-03 -2.7894e-02
47 2.7814e-02 2.2453e-03
48 1.3272e-02 4.7711e-03
49 -3.8425e-02 1.9445e-02
50 -2.9245e-02 -8.9916e-03
51 1.8728e-02 -3.0211e-02
52 -3.7780e-02 -9.0531e-03
53 3.3798e-02 -1.0599e-02
54 2.2020e-02 3.7140e-02
55 -2.0486e-02 3.6600e-03
56 -6.3770e-03 -2.7742e-02
57 -3.3639e-02 9.6785e-03
58 -1.9319e-02 -2.2082e-04
59 -3.1074e-03 -2.1731e-02
60 -2.6811e-02 1.7260e-02
61 -3.8841e-02 -1.9527e-02
62 8.4174e-03 -2.9475e-02
63 1.7802e-02 3.5088e-02
64 -1.5775e-02 1.9191e-02
65 -4.2050e-02 -3.3046e-03
66 1.0474e-02 1.5104e-03
67 -2.6988e-03 4.2663e-02
68 -2.0462e-02 -4.1266e-03
69 -2.9351e-02 -1.0574e-02
70 -2.3652e-03 -1.8646e-02
71 1.9832e-02 -2.6972e-02
72 -2.1529e-02 3.3058e-02
73 2.7611e-02 1.3686e-02
74 3.1302e-02 3.2482e-02
75 -4.0287e-02 1.8041e-02
76 3.0983e-03 3.5195e-02
77 -1.0830e-02 -4.8806e-02
78 -2.4342e-02 -1.3151e-02
79 6.9100e-03 -1.1905e-02
80 -1.2066e-02 3.9545e-04
81 -4.2469e-02 -2.2583e-02
82 8.5323e-03 1.0859e-02
83 -1.6889e-02 -1.3141e-02
84 -1.7613e-02 -4.2607e-02
85 3.0775e-02 -2.7360e-02
86 4.3810e-02 6.4818e-03
87 -3.3782e-02 3.1444e-02
88 -3.9949e-02 1.7821e-02
89 1.9001e-02 -2.8095e-02
90 2.4558e-02 2.2037e-02
91 4.4115e-02 2.2622e-02
92 3.4807e-02 -2.7064e-02
93 1.3725e-02 2.2640e-02
94 3.6795e-02 2.4030e-02
95 2.2624e-03 3.5507e-02
96 9.1265e-03 2.1992e-02
97 -1.6300e-02 -4.5137e-02
98 -2.8102e-02 1.1523e-02
99 3.9526e-02 -8.4233e-03
100 1.5640e-02 -1.4326e-02
101 -3.6941e-02 -2.6437e-02
102 -2.0856e-02 2.0291e-02
103 -1.3895e-02 6.0625e-03
104 -8.2204e-03 1.3063e-02
105 -3.9715e-03 4.7782e-02
106 -1.4801e-02 -3.6859e-02
107 -2.1113e-02 2.7454e-02
108 -3.1711e-02 -2.9612e-02
109 -8.3253e-03 1.3204e-02
110 -1.5491e-02 4.1799e-02
111 -1.1908e-02 2.8397e-02
112 -4.1378e-03 -2.8394e-02
113 -2.5838e-02 -1.4786e-02
114 -2.2005e-03 2.6189e-02
115 2.6389e-02 -3.0923e-02
116 2.3793e-02 3.7601e-02
117 -1.9737e-02 -1.6526e-02
118 1.3168e-02 -2.6680e-02
119 -4.1205e-02 -2.4493e-02
120 -2.3075e-02 -2.3653e-02
121 -2.8975e-02 3.7687e-03
122 -9.7480e-03 -1.5665e-02
123 -2.7270e-02 2.6373e-02
124 -2.8329e-02 1.0994e-02
125 -3.0827e-02 -3.2918e-02
126 -2.6461e-02 -2.8510e-03
127 3.8482e-02 1.6765e-02
128 3.6994e-02 -2.4061e-02
129 1.6286e-02 6.7149e-03
130 2.0601e-02 -2.3184e-02
131 1.3983e-02 -1.8930e-02
132 -1.7896e-02 -3.8579e-02
133 1.6567e-03 3.3118e-02
134 -7.5053e-03 1.9448e-02
135 -2.9430e-02 6.5943e-04
136 -2.2977e-02 -1.2510e-02
137 6.4799e-03 -4.0282e-02
138 -4.7433e-02 1.0184e-02
139 -2.0509e-02 -1.4533e-02
140 -4.5563e-03 1.1904e-02
141 3.0591e-02 3.4391e-02
142 1.4357e-02 3.9656e-02
143 1.5872e-02 1.1836e-04
144 2.1457e-02 -6.3727e-03
145 8.5241e-03 -1.0731e-02
146 -3.2265e-02 2.3240e-02
147 -3.0665e-02 -3.0033e-02
148 3.4738e-02 -1.8578e-03
149 4.0894e-02 -1.8318e-02
150 2.5788e-02 2.6692e-02
151 3.4537e-02 -2.1986e-03
152 1.0020e-02 2.5662e-02
153 -2.4419e-02 4.2283e-03
154 -1.3776e-02 -1.9402e-02
155 -2.7309e-02 1.4202e-02
156 3.8004e-02 2.7026e-02
157 -1.7233e-02 4.0119e-02
158 3.0187e-03 -1.0654e-02
159 -9.9985e-03 -3.7851e-02
160 -3.7364e-02 -9.2259e-03
161 1.6456e-02 -2.6901e-02
162 -2.1523e-02 3.4571e-02
163 -4.9476e-03 4.0051e-02
164 1.2774e-02 1.9079e-02
165 -1.0590e-03 2.2627e-02
166 -2.5364e-02 -1.1666e-03
167 1.6199e-02 -2.0527e-02
168 3.1922e-02 -1.3786e-02
169 1.4643e-02 3.3547e-02
170 -1.6257e-02 9.4886e-03
171 -3.5035e-02 3.4142e-02
172 -2.3006e-02 2.5004e-02
173 4.7835e-02 3.1084e-03
174 -2.5456e-02 3.0327e-02
175 -1.9451e-02 2.2306e-02
176 -5.3658e-03 -1.7163e-02
177 1.4757e-02 4.2131e-02
178 4.0848e-03 -3.6170e-02
179 1.3476e-02 3.5523e-02
180 -2.5066e-02 1.5937e-02
181 4.9579e-02 3.6332e-03
182 -3.4016e-02 2.8348e-02
183 2.1152e-02 -1.5300e-02
184 -3.3697e-02 3.7253e-03
185 1.4632e-02 -4.2271e-02
186 -9.7474e-03 2.0461e-02
187 -2.2751e-02 9.6126e-03
188 -3.1454e-02 -2.4354e-02
189 4.4055e-04 -4.5558e-02
190 4.3096e-02 8.0915e-03
191 2.2622e-03 -2.1324e-02
192 -1.7438e-03 -3.2879e-02
193 3.8629e-02 -1.9445e-02
194 -1.2871e-02 9.5881e-04
195 -1.6113e-02 -1.2132e-02
196 -1.2287e-03 3.3275e-02
197 1.4309e-02 3.6972e-02
198 -3.3313e-02 4.4074e-03
199 -2.6822e-02 -9.0758e-03
