0 1.4178e-03 -4.1487e-02
1 -8.3908e-03 3.1130e-02
2 -1.8685e-02 -3.1103e-02
3 -1.2322e-02 4.3624e-02
4 2.8027e-02 -1.8250e-02
5 -3.3743e-02 8.8349e-03
6 -4.6516e-02 -1.0301e-02
7 -3.3324e-02 -1.9666e-02
8 -1.1474e-02 -3.7290e-02
9 3.5901e-03 -1.5973e-02
10 8.8499e-03 -3.1872e-02
11 -3.0486e-02 -2.5398e-02
12 1.4840e-02 -4.1994e-02
13 1.0355e-02 1.8100e-02
14 -1.2098e-03 1.8103e-02
15 -9.7491e-03 -4.4113e-02
16 4.3776e-02 -1.7343e-02
17 -3.1629e-02 -1.3783e-02
18 3.1258e-02 1.8981e-02
19 2.2398e-02 2.8419e-02
20 2.2777e-02 -2.6354e-02
21 -6.2722e-03 3.9468e-02
22 3.7514e-02 -2.7782e-03
23 -8.9147e-03 -4.2092e-02
24 3.0785e-02 -2.7202e-02
25 1.4367e-02 3.8188e-02
26 -2.2882e-02 -1.7319e-02
27 2.8705e-02 -1.5048e-02
28 2.8779e-02 2.6709e-03
29 -4.5657e-02 -5.3572e-03
30 -2.6557e-02 -3.9732e-02
31 -2.1829e-02 -4.0859e-03
32 7.0944e-03 -1.0335e-02
33 2.0561e-02 7.2873e-03
34 -2.2375e-02 2.5995e-02
35 2.2425e-02 4.4147e-02
36 1.8414e-02 -3.0895e-02
37 -1.3274e-02 -2.0921e-02
38 1.8525e-02 -3.7959e-02
39 2.6630e-02 1.9985e-02
40 -2.3147e-02 3.9009e-02
41 2.8691e-02 2.8134e-02
42 -3.1563e-02 -2.2816e-02
43 -4.6270e-02 -4.2485e-03
44 1.5637e-03 -2.2957e-02
45 3.1970e-02 -3.6728e-02
46 -4.6134e-02 -1.1141e-02
47 -2.5660e-02 1.3089e-02
48 -1.3254e-02 -4.4740e-02
49 -3.7732e-02 -1.7432e-02
50 3.6471e-02 -2.7100e-02
51 -1.1564e-02 1.6742e-02
52 -1.2251e-02 2.6566e-02
53 -3.5398e-02 -1.2017e-02
54 -2.8375e-02 1.9110e-02
55 3.1150e-02 2.4642e-02
56 2.5518e-02 9.7294e-03
57 9.1592e-03 -3.6602e-02
58 -3.3663e-02 2.3172e-02
59 -4.7307e-02 -7.3176e-03
60 -2.3080e-02 -3.7938e-02
61 1.2778e-02 -1.7637e-02
62 3.6741e-02 -2.4703e-03
63 1.3808e-02 -3.4402e-02
64 -4.7733e-02 -3.6633e-03
65 -1.8407e-02 2.5586e-02
66 -3.0429e-02 -1.7906e-02
67 1.2014e-02 4.6715e-02
68 2.9202e-02 -3.9807e-02
69 -2.6671e-02 -3.3442e-02
70 -2.5247e-02 2.5427e-02
71 4.5472e-02 -8.8507e-03
72 -1.0199e-02 -1.7904e-02
73 4.0465e-02 -2.3662e-02
74 -1.4570e-02 2.1657e-03
75 -2.2365e-02 -1.9337e-02
76 -3.5377e-02 1.2214e-02
77 -3.4247e-02 -3.3213e-02
78 2.9445e-02 -3.2623e-02
79 3.9344e-02 3.0841e-02
80 2.4215e-02 3.7872e-02
81 -1.4247e-03 1.4053e-02
82 -4.2296e-02 -8.8594e-03
83 2.8016e-02 7.8332e-03
84 4.6213e-03 3.2266e-02
85 1.5655e-02 2.1401e-02
86 -2.2008e-02 -3.9893e-02
87 -2.3760e-02 -7.0298e-03
88 4.3115e-02 -8.8704e-03
89 -1.7568e-02 -4.3223e-02
90 -1.7938e-02 5.7601e-03
91 -3.3306e-02 -1.0289e-02
92 7.1286e-03 2.6573e-02
93 8.6517e-03 2.1142e-02
94 -1.4026e-02 5.1299e-03
95 -4.0804e-02 1.1726e-02
96 -3.1166e-02 3.4688e-02
97 4.7017e-02 3.3083e-04
98 2.0387e-03 1.9195e-02
99 -3.6670e-02 2.4470e-02
100 -1.4929e-02 -1.0412e-02
101 -1.2917e-02 8.8927e-03
102 2.9583e-02 7.0888e-03
103 3.7847e-02 -1.0336e-02
104 2.2676e-02 5.6800e-03
105 -4.1807e-02 1.9298e-02
106 4.2864e-02 1.4658e-02
107 -3.3170e-02 5.9685e-03
108 -1.6664e-02 4.5379e-02
109 -3.3576e-02 -5.8601e-03
110 -6.7922e-03 1.7485e-02
111 -2.7538e-02 -5.1156e-03
112 -2.7935e-02 -1.9365e-02
113 -4.1440e-02 -1.7083e-02
114 1.2296e-02 1.2827e-02
115 2.5031e-02 -4.1412e-02
116 3.3832e-02 -9.6293e-03
117 -2.4660e-02 1.3067e-02
118 -1.7500e-02 -4.3632e-02
119 6.2326e-03 2.1760e-02
120 3.2648e-02 3.2205e-02
121 -5.1580e-03 -1.1647e-02
122 -1.0065e-02 -2.2194e-02
123 -3.0885e-02 -7.4260e-03
124 1.7675e-02 2.0831e-02
125 3.0924e-04 4.1427e-02
126 -2.8172e-02 -2.1300e-02
127 -3.1834e-02 3.3311e-03
128 1.0455e-02 -1.7521e-02
129 7.2065e-03 1.4038e-02
130 -2.6020e-02 2.6349e-02
131 -6.5065e-03 -1.5604e-02
132 2.7057e-03 -1.4917e-02
133 2.0658e-02 -7.1048e-04
134 5.9140e-03 -2.2135e-02
135 3.3124e-02 2.6863e-02
136 2.3353e-03 -2.8937e-02
137 1.8126e-02 -3.8229e-02
138 -8.3245e-03 -2.1635e-02
139 1.4679e-02 3.6535e-02
140 2.6334e-02 2.3628e-03
141 -1.7974e-02 1.9400e-02
142 1.6966e-02 -7.0808e-03
143 1.9419e-02 2.5548e-02
144 -6.5256e-03 -2.4201e-02
145 1.0854e-02 -2.0564e-02
146 3.3330e-02 2.4376e-02
147 -6.1503e-03 1.2244e-02
148 -1.5424e-02 2.0218e-02
149 -8.3967e-03 -3.4455e-02
150 -3.6881e-02 2.6929e-02
151 1.0541e-02 4.8487e-02
152 -2.6379e-02 -2.2667e-02
153 -2.7774e-02 2.7351e-02
154 1.5327e-02 -7.4252e-04
155 -1.5152e-03 4.5270e-02
156 -3.1773e-02 -2.2445e-02
157 2.0409e-03 2.4790e-02
158 3.4804e-02 2.9359e-03
159 3.7295e-02 -2.8919e-02
160 1.1251e-03 2.2552e-02
161 -2.2542e-02 3.4764e-02
162 -2.4131e-03 -2.6914e-02
163 -4.7349e-03 2.8819e-02
164 3.3396e-02 1.9675e-02
165 -1.6332e-02 7.8279e-03
166 2.7819e-02 1.2125e-02
167 -2.0581e-02 -1.0202e-02
168 1.3966e-02 2.6364e-02
169 1.9811e-02 2.1903e-02
170 -3.6840e-02 -1.1392e-02
171 2.4283e-02 4.2485e-02
172 2.0059e-02 2.4335e-02
173 -4.0751e-02 5.6708e-03
174 3.2416e-02 -3.5811e-02
175 3.7804e-02 7.2048e-03
176 3.4616e-02 -1.1976e-02
177 -2.7049e-02 2.7259e-02
178 2.5774e-03 1.4617e-02
179 -3.9405e-02 -1.5885e-03
180 1.8310e-02 3.9926e-02
181 -6.0159e-03 3.0667e-02
182 7.9617e-03 -3.0673e-02
183 3.1403e-02 -1.2058e-03
184 2.9210e-03 4.6076e-02
185 -2.7802e-02 3.4988e-02
186 3.3905e-02 -2.2521e-02
187 3.4947e-02 -1.4729e-02
188 -6.7109e-03 -2.5309e-02
189 -1.6828e-02 3.9918e-02
190 7.1717e-03 2.3668e-02
191 7.8413e-04 3.4181e-02
192 -2.1394e-02 3.6213e-02
193 2.2715e-02 -2.0356e-02
194 -2.8186e-02 -1.1601e-02
195 7.9541e-03 -1.9233e-02
196 3.6172e-02 -4.8313e-03
197 2.9799e-02 -2.1011e-02
198 -2.0206e-02 4.2587e-02
199 -8.1766e-03 3.3817e-02
